SplineFontDB: 3.2
FontName: Marble
FullName: Marble
FamilyName: Marble
Weight: Regular
Copyright: 
Version: 001.008
ItalicAngle: 0
UnderlinePosition: -100
UnderlineWidth: 50
Ascent: 800
Descent: 200
InvalidEm: 0
sfntRevision: 0x00010000
LayerCount: 2
Layer: 0 1 "Back" 1
Layer: 1 1 "Fore" 0
XUID: [1021 22 25062421 1812264]
StyleMap: 0x0040
FSType: 0
OS2Version: 4
OS2_WeightWidthSlopeOnly: 0
OS2_UseTypoMetrics: 0
CreationTime: 1679251657
ModificationTime: 1680978180
PfmFamily: 17
TTFWeight: 400
TTFWidth: 5
LineGap: 90
VLineGap: 0
Panose: 2 0 5 3 0 0 0 0 0 0
OS2TypoAscent: 800
OS2TypoAOffset: 0
OS2TypoDescent: -200
OS2TypoDOffset: 0
OS2TypoLinegap: 90
OS2WinAscent: 861
OS2WinAOffset: 0
OS2WinDescent: 420
OS2WinDOffset: 0
HheadAscent: 861
HheadAOffset: 0
HheadDescent: -420
HheadDOffset: 0
OS2SubXSize: 650
OS2SubYSize: 700
OS2SubXOff: 0
OS2SubYOff: 140
OS2SupXSize: 650
OS2SupYSize: 700
OS2SupXOff: 0
OS2SupYOff: 480
OS2StrikeYSize: 49
OS2StrikeYPos: 258
OS2CapHeight: 817
OS2XHeight: 438
OS2Vendor: 'CLGR'
OS2CodePages: 00000001.00000000
OS2UnicodeRanges: 00000003.00000000.00000000.00000000
MarkAttachClasses: 1
DEI: 91125
TtTable: prep
PUSHW_1
 511
SCANCTRL
PUSHB_1
 4
SCANTYPE
EndTTInstrs
ShortTable: cvt  2
  33
  633
EndShort
ShortTable: maxp 16
  1
  0
  81
  89
  3
  0
  0
  2
  0
  1
  1
  0
  64
  0
  0
  0
EndShort
LangName: 1033 "" "" "" "" "" "Version 001.008" "" "" "" "" "Created with Calligraphr.com" "" "" "" "" "" "Archipelagoad" "Regular"
GaspTable: 1 65535 15 1
Encoding: UnicodeBmp
UnicodeInterp: none
NameList: AGL For New Fonts
DisplaySize: -48
AntiAlias: 1
FitToEm: 0
WinInfo: 0 16 4
BeginPrivate: 0
EndPrivate
BeginChars: 65538 81

StartChar: .notdef
Encoding: 65536 -1 0
Width: 364
GlyphClass: 1
Flags: W
LayerCount: 2
Fore
SplineSet
33 0 m 1,0,-1
 33 666 l 1,1,-1
 298 666 l 1,2,-1
 298 0 l 1,3,-1
 33 0 l 1,0,-1
66 33 m 1,4,-1
 265 33 l 1,5,-1
 265 633 l 1,6,-1
 66 633 l 1,7,-1
 66 33 l 1,4,-1
EndSplineSet
EndChar

StartChar: .null
Encoding: 0 0 1
Width: 350
GlyphClass: 1
Flags: W
LayerCount: 2
EndChar

StartChar: nonmarkingreturn
Encoding: 65537 -1 2
Width: 333
GlyphClass: 1
Flags: W
LayerCount: 2
EndChar

StartChar: CR
Encoding: 13 13 3
Width: 350
GlyphClass: 1
Flags: W
LayerCount: 2
EndChar

StartChar: space
Encoding: 32 32 4
Width: 350
GlyphClass: 1
Flags: W
LayerCount: 2
EndChar

StartChar: exclam
Encoding: 33 33 5
Width: 255
GlyphClass: 1
Flags: W
LayerCount: 2
Fore
SplineSet
53 812 m 128,-1,1
 55 814 55 814 140 814 c 0,2,3
 189 814 189 814 199 813 c 2,4,-1
 205 813 l 1,5,-1
 205 173 l 1,6,-1
 50 173 l 1,7,-1
 51 491 l 2,8,0
 51 810 51 810 53 812 c 128,-1,1
135 -15 m 0,9,10
 106 -15 106 -15 86.5 4.5 c 128,-1,11
 67 24 67 24 67 52 c 0,12,13
 67 79 67 79 86 99.5 c 128,-1,14
 105 120 105 120 134 120 c 0,15,16
 148 120 148 120 160 116 c 0,17,18
 170 112 170 112 181 102 c 128,-1,19
 192 92 192 92 197 81 c 0,20,21
 202 72 202 72 202 52 c 0,22,23
 202 30 202 30 197 23 c 0,24,25
 175 -15 175 -15 135 -15 c 0,9,10
EndSplineSet
EndChar

StartChar: dollar
Encoding: 36 36 6
Width: 649
GlyphClass: 1
Flags: W
LayerCount: 2
Fore
SplineSet
385 345 m 1,0,-1
 385 236 l 2,1,2
 385 126 385 126 386 123 c 0,3,4
 388 116 388 116 406 123 c 0,5,6
 435 134 435 134 454 168 c 0,7,8
 470 197 470 197 470 230 c 0,9,10
 470 273 470 273 445.5 306.5 c 128,-1,11
 421 340 421 340 385 345 c 1,0,-1
265 455 m 1,12,-1
 265 689 l 1,13,-1
 259 689 l 2,14,15
 246 689 246 689 226.5 677.5 c 128,-1,16
 207 666 207 666 197 653 c 0,17,18
 170 617 170 617 170 573 c 0,19,20
 170 541 170 541 186 509 c 0,21,22
 211 464 211 464 255 457 c 2,23,-1
 265 455 l 1,12,-1
334 -19 m 1,24,-1
 317 -19 l 2,25,26
 277 -19 277 -19 267 -16 c 1,27,-1
 267 31 l 1,28,-1
 127 31 l 1,29,30
 77 81 77 81 51 106 c 1,31,-1
 52 173 l 1,32,-1
 52 239 l 1,33,34
 81 212 81 212 115 178 c 2,35,-1
 177 116 l 1,36,-1
 267 116 l 1,37,-1
 267 342 l 1,38,-1
 144 342 l 1,39,40
 129 357 129 357 98.5 388.5 c 128,-1,41
 68 420 68 420 52 436 c 1,42,-1
 51 566 l 2,43,44
 51 697 51 697 52 699 c 0,45,46
 55 706 55 706 97 750 c 2,47,-1
 115 769 l 1,48,-1
 265 769 l 1,49,-1
 265 792 l 2,50,51
 265 815 265 815 266 816 c 128,-1,52
 267 817 267 817 327 817 c 2,53,-1
 386 816 l 1,54,-1
 386 770 l 1,55,56
 409 770 409 770 455.5 769 c 128,-1,57
 502 768 502 768 526 768 c 1,58,59
 550 745 550 745 598 697 c 1,60,-1
 598 600 l 2,61,62
 598 505 598 505 596 505 c 0,63,64
 588 505 588 505 550 551.5 c 128,-1,65
 512 598 512 598 478 644 c 2,66,-1
 443 690 l 1,67,-1
 386 690 l 1,68,-1
 385 573 l 1,69,-1
 385 456 l 1,70,-1
 442 456 l 1,71,-1
 499 455 l 1,72,73
 516 439 516 439 548.5 407 c 128,-1,74
 581 375 581 375 597 359 c 1,75,-1
 598 233 l 1,76,-1
 598 106 l 1,77,78
 572 81 572 81 522 31 c 1,79,-1
 387 31 l 1,80,-1
 387 -19 l 1,81,-1
 334 -19 l 1,24,-1
EndSplineSet
EndChar

StartChar: percent
Encoding: 37 37 7
Width: 650
GlyphClass: 1
Flags: W
LayerCount: 2
Fore
SplineSet
354 666 m 0,0,1
 357 671 357 671 420 817 c 1,2,-1
 507 817 l 2,3,4
 594 817 594 817 594 815 c 128,-1,5
 594 813 594 813 579 779 c 0,6,7
 562 740 562 740 492 580 c 128,-1,8
 422 420 422 420 389 347 c 0,9,10
 273 88 273 88 245 18 c 0,11,12
 241 9 241 9 236.5 -1 c 128,-1,13
 232 -11 232 -11 230 -16 c 1,14,-1
 144 -16 l 2,15,16
 56 -16 56 -16 56 -15 c 0,17,18
 56 -9 56 -9 91 71 c 0,19,20
 231 391 231 391 323 598 c 0,21,22
 351 662 351 662 354 666 c 0,0,1
251 813 m 0,23,24
 280 813 280 813 299.5 793.5 c 128,-1,25
 319 774 319 774 319 746 c 0,26,27
 319 703 319 703 281 685 c 0,28,29
 269 679 269 679 252 679 c 0,30,31
 223 679 223 679 205 696 c 0,32,33
 184 714 184 714 184 744 c 0,34,35
 184 772 184 772 202.5 792.5 c 128,-1,36
 221 813 221 813 251 813 c 0,23,24
378 120 m 0,37,38
 386 123 386 123 404 123 c 0,39,40
 448 123 448 123 465 82 c 0,41,42
 471 70 471 70 470 52 c 0,43,44
 467 12 467 12 432 -6 c 0,45,46
 422 -11 422 -11 403 -11 c 128,-1,47
 384 -11 384 -11 374 -6 c 0,48,49
 363 -1 363 -1 352.5 11.5 c 128,-1,50
 342 24 342 24 339 34 c 256,51,52
 336 44 336 44 336 55 c 0,53,54
 336 77 336 77 347.5 95 c 128,-1,55
 359 113 359 113 378 120 c 0,37,38
EndSplineSet
EndChar

StartChar: quotesingle
Encoding: 39 39 8
AltUni2: 00201a.ffffffff.0 002019.ffffffff.0 002018.ffffffff.0 00201a.ffffffff.0 002019.ffffffff.0 002018.ffffffff.0
Width: 236
GlyphClass: 1
Flags: W
LayerCount: 2
Fore
SplineSet
98 790 m 0,0,1
 103 792 103 792 123 792 c 0,2,3
 162 790 162 790 180 755 c 0,4,5
 185 745 185 745 185 696 c 2,6,-1
 185 634 l 2,7,8
 184 558 184 558 181 555 c 0,9,10
 180 553 180 553 178 553 c 0,11,12
 177 553 177 553 173 555 c 0,13,14
 168 558 168 558 116.5 624 c 128,-1,15
 65 690 65 690 61 698 c 0,16,17
 54 712 54 712 54 727 c 0,18,19
 54 748 54 748 66.5 765.5 c 128,-1,20
 79 783 79 783 98 790 c 0,0,1
EndSplineSet
EndChar

StartChar: parenleft
Encoding: 40 40 9
Width: 484
GlyphClass: 1
Flags: W
LayerCount: 2
Fore
SplineSet
53 680 m 1,0,-1
 194 821 l 1,1,-1
 308 821 l 2,2,3
 421 821 421 821 421 819 c 0,4,5
 421 818 421 818 313 708 c 2,6,-1
 204 599 l 1,7,-1
 204 211 l 1,8,-1
 315 99 l 2,9,10
 426 -14 426 -14 426 -15 c 0,11,12
 426 -17 426 -17 308 -17 c 2,13,-1
 190 -17 l 1,14,-1
 52 121 l 1,15,-1
 52 401 l 1,16,-1
 53 680 l 1,0,-1
EndSplineSet
EndChar

StartChar: parenright
Encoding: 41 41 10
Width: 490
GlyphClass: 1
Flags: W
LayerCount: 2
Fore
SplineSet
283 590 m 1,0,-1
 58 815 l 1,1,-1
 311 815 l 1,2,3
 333 793 333 793 375.5 749.5 c 128,-1,4
 418 706 418 706 439 685 c 1,5,-1
 438 396 l 1,6,-1
 438 106 l 1,7,8
 375 46 375 46 315 -17 c 1,9,-1
 65 -17 l 1,10,11
 102 19 102 19 174 92.5 c 128,-1,12
 246 166 246 166 283 203 c 1,13,-1
 283 590 l 1,0,-1
EndSplineSet
EndChar

StartChar: plus
Encoding: 43 43 11
Width: 645
GlyphClass: 1
Flags: W
LayerCount: 2
Fore
SplineSet
249 -16 m 1,0,1
 242 -4 242 -4 241 15 c 0,2,3
 241 23 241 23 241 37 c 2,4,-1
 241 176 l 1,5,-1
 241 358 l 1,6,-1
 149 356 l 1,7,-1
 56 355 l 1,8,9
 54 369 54 369 54 399 c 2,10,-1
 54 428 l 2,11,12
 54 443 54 443 54.5 459.5 c 128,-1,13
 55 476 55 476 55.5 484.5 c 128,-1,14
 56 493 56 493 56 494 c 0,15,16
 56 497 56 497 112 497 c 2,17,-1
 147 497 l 1,18,-1
 239 496 l 1,19,-1
 239 646 l 2,20,21
 239 801 239 801 240 807 c 2,22,-1
 241 817 l 1,23,-1
 389 817 l 1,24,-1
 389 811 l 1,25,-1
 389 802 l 2,26,27
 389 793 389 793 389.5 777.5 c 128,-1,28
 390 762 390 762 390 743.5 c 128,-1,29
 390 725 390 725 390 700 c 128,-1,30
 390 675 390 675 390 651 c 2,31,-1
 390 496 l 1,32,-1
 590 496 l 1,33,-1
 591 427 l 1,34,-1
 591 358 l 1,35,36
 586 356 586 356 555 356 c 2,37,-1
 485 356 l 1,38,-1
 390 357 l 1,39,-1
 390 247 l 2,40,41
 390 144 390 144 392 64 c 0,42,43
 392 53 392 53 392.5 36.5 c 128,-1,44
 393 20 393 20 393 15 c 0,45,46
 393 -10 393 -10 391 -12 c 0,47,48
 388 -16 388 -16 319 -16 c 2,49,-1
 249 -16 l 1,0,1
EndSplineSet
EndChar

StartChar: comma
Encoding: 44 44 12
Width: 237
GlyphClass: 1
Flags: W
LayerCount: 2
Fore
SplineSet
103 223 m 0,0,1
 106 224 106 224 116 224 c 0,2,3
 135 224 135 224 147 219 c 0,4,5
 167 211 167 211 180 186 c 2,6,-1
 185 176 l 1,7,-1
 184 82 l 2,8,9
 183 -17 183 -17 178 -17 c 0,10,11
 176 -17 176 -17 169 -10 c 0,12,13
 153 8 153 8 108.5 66 c 128,-1,14
 64 124 64 124 61 130 c 0,15,16
 54 144 54 144 54 160 c 0,17,18
 54 182 54 182 68 199.5 c 128,-1,19
 82 217 82 217 103 223 c 0,0,1
EndSplineSet
EndChar

StartChar: hyphen
Encoding: 45 45 13
Width: 653
GlyphClass: 1
Flags: W
LayerCount: 2
Fore
SplineSet
53 391 m 1,0,-1
 54 462 l 1,1,-1
 600 462 l 1,2,-1
 600 319 l 1,3,-1
 580 317 l 2,4,5
 573 316 573 316 461 316 c 0,6,7
 56 316 56 316 53 319 c 2,8,-1
 53 391 l 1,0,-1
EndSplineSet
EndChar

StartChar: period
Encoding: 46 46 14
Width: 239
GlyphClass: 1
Flags: W
LayerCount: 2
Fore
SplineSet
98 113 m 0,0,1
 109 117 109 117 120 117 c 0,2,3
 159 117 159 117 179 79 c 0,4,5
 184 70 184 70 184 51 c 128,-1,6
 184 32 184 32 179 22 c 0,7,8
 162 -11 162 -11 127 -16 c 1,9,-1
 124 -16 l 2,10,11
 99 -16 99 -16 89 -8 c 0,12,13
 62 14 62 14 56 44 c 0,14,15
 55 48 55 48 55 56 c 0,16,17
 55 97 55 97 98 113 c 0,0,1
EndSplineSet
EndChar

StartChar: slash
Encoding: 47 47 15
Width: 648
GlyphClass: 1
Flags: W
LayerCount: 2
Fore
SplineSet
411 799 m 2,0,-1
 419 817 l 1,1,-1
 505 817 l 2,2,3
 592 817 592 817 592 814 c 0,4,5
 592 812 592 812 561 741 c 0,6,7
 336 233 336 233 240 10 c 0,8,9
 232 -8 232 -8 229 -13 c 1,10,-1
 143 -14 l 2,11,12
 56 -14 56 -14 56 -13 c 0,13,14
 56 -10 56 -10 78 43 c 0,15,16
 106 107 106 107 138 178 c 0,17,18
 178 266 178 266 231 389 c 0,19,20
 252 439 252 439 285 513 c 128,-1,21
 318 587 318 587 341 640 c 0,22,23
 355 673 355 673 372.5 711.5 c 128,-1,24
 390 750 390 750 399.5 772.5 c 128,-1,25
 409 795 409 795 411 799 c 2,0,-1
EndSplineSet
EndChar

StartChar: zero
Encoding: 48 48 16
Width: 639
GlyphClass: 1
Flags: W
LayerCount: 2
Fore
SplineSet
336 731 m 0,0,1
 324 734 324 734 313 734 c 0,2,3
 273 734 273 734 234 698 c 0,4,5
 190 656 190 656 165.5 580.5 c 128,-1,6
 141 505 141 505 141 412 c 0,7,8
 141 320 141 320 164.5 245.5 c 128,-1,9
 188 171 188 171 231 128 c 0,10,11
 269 89 269 89 312 89 c 0,12,13
 343 89 343 89 371 108 c 0,14,15
 452 161 452 161 480 327 c 0,16,17
 484 352 484 352 484 411 c 0,18,19
 484 488 484 488 470 545 c 0,20,21
 451 621 451 621 415.5 670.5 c 128,-1,22
 380 720 380 720 336 731 c 0,0,1
168 819 m 1,23,-1
 322 819 l 1,24,-1
 475 818 l 1,25,-1
 483 804 l 2,26,27
 511 751 511 751 578 608 c 1,28,-1
 586 594 l 1,29,-1
 586 200 l 1,30,-1
 571 170 l 2,31,32
 540 108 540 108 521 68 c 0,33,34
 486 -4 486 -4 480 -15 c 1,35,-1
 325 -15 l 2,36,37
 172 -15 172 -15 166 -13 c 0,38,39
 162 -12 162 -12 157 -3 c 0,40,41
 156 -1 156 -1 152 7 c 128,-1,42
 148 15 148 15 140.5 28.5 c 128,-1,43
 133 42 133 42 128 53 c 0,44,45
 122 66 122 66 103.5 101 c 128,-1,46
 85 136 85 136 78 150 c 2,47,-1
 52 200 l 1,48,-1
 52 605 l 1,49,-1
 59 618 l 2,50,51
 66 630 66 630 92 679.5 c 128,-1,52
 118 729 118 729 140.5 771 c 128,-1,53
 163 813 163 813 168 819 c 1,23,-1
EndSplineSet
EndChar

StartChar: one
Encoding: 49 49 17
Width: 655
GlyphClass: 1
Flags: W
LayerCount: 2
Fore
SplineSet
310 823 m 0,0,1
 313 824 313 824 341 824 c 0,2,3
 394 824 394 824 396 822 c 0,4,5
 398 822 398 822 397.5 667.5 c 128,-1,6
 397 513 397 513 398 347 c 128,-1,7
 399 181 399 181 403 160 c 0,8,9
 414 112 414 112 446.5 95.5 c 128,-1,10
 479 79 479 79 549 77 c 2,11,-1
 599 76 l 1,12,-1
 599 -11 l 1,13,-1
 328 -12 l 1,14,-1
 56 -12 l 1,15,-1
 56 76 l 1,16,-1
 110 78 l 2,17,18
 183 79 183 79 212 93 c 0,19,20
 255 114 255 114 261 160 c 0,21,22
 262 167 262 167 264 413 c 2,23,-1
 265 649 l 1,24,-1
 161 650 l 2,25,26
 61 650 61 650 61 652 c 2,27,-1
 63 654 l 1,28,29
 89 671 89 671 166.5 726.5 c 128,-1,30
 244 782 244 782 260 793 c 0,31,32
 300 821 300 821 310 823 c 0,0,1
EndSplineSet
EndChar

StartChar: two
Encoding: 50 50 18
Width: 681
GlyphClass: 1
Flags: W
LayerCount: 2
Fore
SplineSet
73 694 m 1,0,1
 113 735 113 735 195 817 c 1,2,-1
 426 817 l 1,3,-1
 464 792 l 2,4,5
 510 761 510 761 557 731 c 128,-1,6
 604 701 604 701 613 695 c 1,7,-1
 613 594 l 2,8,9
 613 493 613 493 608 487 c 0,10,11
 607 486 607 486 601 479 c 128,-1,12
 595 472 595 472 584.5 459.5 c 128,-1,13
 574 447 574 447 565 437 c 0,14,15
 385 229 385 229 289 121 c 0,16,17
 261 89 261 89 261 88 c 0,18,19
 261 86 261 86 417 86 c 128,-1,20
 573 86 573 86 577 82 c 0,21,22
 580 78 580 78 604 33 c 128,-1,23
 628 -12 628 -12 628 -14 c 0,24,25
 628 -17 628 -17 625 -17 c 2,26,-1
 515 -17 l 2,27,28
 56 -17 56 -17 54 -15 c 0,29,30
 53 -11 53 -11 78 58 c 0,31,32
 82 69 82 69 84 74.5 c 128,-1,33
 86 80 86 80 89 87 c 128,-1,34
 92 94 92 94 92.5 96.5 c 128,-1,35
 93 99 93 99 95.5 103 c 128,-1,36
 98 107 98 107 98.5 107.5 c 128,-1,37
 99 108 99 108 102 110.5 c 128,-1,38
 105 113 105 113 106 113.5 c 128,-1,39
 107 114 107 114 111 116 c 128,-1,40
 115 118 115 118 117 119 c 0,41,42
 181 151 181 151 249 219 c 0,43,44
 324 294 324 294 377 386.5 c 128,-1,45
 430 479 430 479 447 562 c 0,46,47
 450 580 450 580 450 610 c 0,48,49
 450 693 450 693 400 718 c 0,50,51
 377 728 377 728 352 728 c 0,52,53
 329 728 329 728 296 718 c 0,54,55
 197 685 197 685 79 548 c 1,56,-1
 73 542 l 1,57,-1
 73 694 l 1,0,1
EndSplineSet
EndChar

StartChar: three
Encoding: 51 51 19
Width: 648
GlyphClass: 1
Flags: W
LayerCount: 2
Fore
SplineSet
54 703 m 1,0,1
 130 779 130 779 168 816 c 1,2,-1
 323 815 l 1,3,-1
 477 815 l 1,4,-1
 485 806 l 2,5,6
 487 804 487 804 495 795.5 c 128,-1,7
 503 787 503 787 517.5 771.5 c 128,-1,8
 532 756 532 756 542 745 c 0,9,10
 554 732 554 732 566.5 718.5 c 128,-1,11
 579 705 579 705 586 697 c 128,-1,12
 593 689 593 689 594 688 c 0,13,14
 596 686 596 686 596 655 c 2,15,-1
 596 583 l 1,16,-1
 596 483 l 1,17,-1
 534 421 l 1,18,19
 576 379 576 379 596 358 c 1,20,-1
 596 116 l 1,21,22
 552 71 552 71 462 -19 c 1,23,-1
 302 -19 l 1,24,-1
 141 -18 l 1,25,-1
 127 -4 l 2,26,27
 122 1 122 1 85 41 c 2,28,-1
 57 72 l 1,29,-1
 56 120 l 1,30,-1
 55 168 l 2,31,32
 56 169 56 169 81 169 c 0,33,34
 132 169 132 169 134 167 c 128,-1,35
 136 165 136 165 141 153 c 0,36,37
 150 128 150 128 178 102 c 0,38,39
 225 58 225 58 289 58 c 0,40,41
 343 58 343 58 387.5 90 c 128,-1,42
 432 122 432 122 448 178 c 0,43,44
 453 193 453 193 453 220 c 0,45,46
 453 248 453 248 448 263 c 0,47,48
 434 315 434 315 390 348.5 c 128,-1,49
 346 382 346 382 291 382 c 0,50,51
 250 382 250 382 214 364 c 2,52,-1
 202 358 l 1,53,-1
 179 391 l 2,54,55
 153 428 153 428 153 430 c 128,-1,56
 153 432 153 432 154 434 c 0,57,58
 158 441 158 441 180.5 474.5 c 128,-1,59
 203 508 203 508 204 509 c 0,60,61
 206 511 206 511 217 503 c 0,62,63
 239 487 239 487 265 479 c 0,64,65
 280 474 280 474 308 474 c 0,66,67
 337 474 337 474 352 479 c 0,68,69
 417 499 417 499 442 556 c 0,70,71
 448 571 448 571 448 594 c 0,72,73
 448 615 448 615 444 627 c 0,74,75
 431 666 431 666 396 691 c 128,-1,76
 361 716 361 716 311 716 c 128,-1,77
 261 716 261 716 223 691 c 128,-1,78
 185 666 185 666 173 627 c 0,79,80
 172 623 172 623 131 623 c 0,81,82
 92 623 92 623 72 625 c 2,83,-1
 54 626 l 1,84,-1
 54 703 l 1,0,1
EndSplineSet
EndChar

StartChar: four
Encoding: 52 52 20
Width: 652
GlyphClass: 1
Flags: W
LayerCount: 2
Fore
SplineSet
348 321 m 2,0,-1
 360 333 l 1,1,-1
 359 479 l 1,2,-1
 359 624 l 1,3,-1
 342 598 l 2,4,5
 246 453 246 453 194 369 c 0,6,7
 190 361 190 361 190 353 c 0,8,9
 190 328 190 328 208 303 c 2,10,-1
 216 292 l 1,11,-1
 253 292 l 2,12,13
 264 292 264 292 277.5 291.5 c 128,-1,14
 291 291 291 291 294 291 c 0,15,16
 313 291 313 291 325 300 c 0,17,18
 338 309 338 309 348 321 c 2,0,-1
62 417 m 2,19,20
 150 552 150 552 319 817 c 1,21,-1
 400 817 l 2,22,23
 481 817 481 817 484 813 c 0,24,25
 489 806 489 806 489 551 c 2,26,-1
 489 293 l 1,27,-1
 596 293 l 1,28,-1
 596 242 l 1,29,-1
 597 190 l 1,30,-1
 490 190 l 1,31,-1
 490 87 l 2,32,33
 490 -17 490 -17 488 -17 c 2,34,-1
 356 -17 l 1,35,36
 356 18 356 18 357 87 c 128,-1,37
 358 156 358 156 358 190 c 1,38,-1
 53 190 l 1,39,-1
 53 403 l 1,40,-1
 62 417 l 2,19,20
EndSplineSet
EndChar

StartChar: five
Encoding: 53 53 21
Width: 637
GlyphClass: 1
Flags: W
LayerCount: 2
Fore
SplineSet
51 814 m 1,0,-1
 52 819 l 1,1,-1
 167 819 l 1,2,-1
 167 737 l 1,3,-1
 344 736 l 2,4,5
 364 736 364 736 384.5 736 c 128,-1,6
 405 736 405 736 422 736 c 128,-1,7
 439 736 439 736 455 736 c 128,-1,8
 471 736 471 736 483 735.5 c 128,-1,9
 495 735 495 735 504 735 c 128,-1,10
 513 735 513 735 518 735 c 2,11,-1
 523 735 l 1,12,-1
 531 735 l 1,13,-1
 537 734 l 1,14,-1
 537 679 l 2,15,16
 537 624 537 624 535 622 c 0,17,18
 532 619 532 619 349 619 c 2,19,-1
 167 619 l 1,20,-1
 167 530 l 1,21,-1
 422 530 l 1,22,23
 448 504 448 504 501.5 451.5 c 128,-1,24
 555 399 555 399 582 372 c 1,25,-1
 583 260 l 1,26,-1
 583 148 l 1,27,28
 473 38 473 38 419 -17 c 1,29,-1
 285 -16 l 2,30,31
 150 -16 150 -16 144 -12 c 0,32,33
 140 -10 140 -10 95 35 c 2,34,-1
 52 78 l 1,35,-1
 52 177 l 1,36,-1
 173 177 l 1,37,-1
 184 162 l 2,38,39
 232 100 232 100 305 100 c 0,40,41
 316 100 316 100 322 101 c 0,42,43
 374 107 374 107 411 144 c 0,44,45
 438 170 438 170 449 204 c 0,46,47
 457 228 457 228 457 250 c 0,48,49
 457 303 457 303 423 345 c 0,50,51
 403 370 403 370 370.5 385.5 c 128,-1,52
 338 401 338 401 305 401 c 0,53,54
 260 401 260 401 220.5 373 c 128,-1,55
 181 345 181 345 166 303 c 2,56,-1
 162 292 l 1,57,-1
 52 292 l 1,58,-1
 51 551 l 1,59,-1
 51 814 l 1,0,-1
EndSplineSet
EndChar

StartChar: six
Encoding: 54 54 22
Width: 636
GlyphClass: 1
Flags: W
LayerCount: 2
Fore
SplineSet
407 388 m 0,0,1
 365 430 365 430 307 430 c 0,2,3
 291 430 291 430 271 425 c 0,4,5
 221 411 221 411 190.5 372.5 c 128,-1,6
 160 334 160 334 160 283 c 0,7,8
 160 222 160 222 203 180 c 0,9,10
 245 138 245 138 306 138 c 0,11,12
 366 138 366 138 408 180 c 0,13,14
 451 223 451 223 451 284 c 128,-1,15
 451 345 451 345 407 388 c 0,0,1
249 811 m 2,16,-1
 305 856 l 1,17,-1
 443 856 l 1,18,-1
 580 855 l 1,19,-1
 581 829 l 2,20,21
 581 826 581 826 581.5 816.5 c 128,-1,22
 582 807 582 807 582 802 c 128,-1,23
 582 797 582 797 581.5 787.5 c 128,-1,24
 581 778 581 778 581 774 c 2,25,-1
 580 745 l 1,26,-1
 386 745 l 1,27,-1
 363 726 l 2,28,29
 336 705 336 705 215 606 c 0,30,31
 185 582 185 582 185 575 c 0,32,33
 186 567 186 567 204 567 c 0,34,35
 214 567 214 567 236 569 c 0,36,37
 270 571 270 571 343 571 c 2,38,-1
 420 571 l 1,39,40
 502 491 502 491 583 411 c 1,41,-1
 583 189 l 1,42,-1
 419 25 l 1,43,-1
 150 25 l 1,44,-1
 136 36 l 2,45,46
 118 52 118 52 87 84 c 2,47,-1
 52 120 l 1,48,-1
 52 649 l 1,49,-1
 61 657 l 2,50,51
 74 670 74 670 132 716 c 0,52,53
 147 729 147 729 190 763.5 c 128,-1,54
 233 798 233 798 249 811 c 2,16,-1
EndSplineSet
EndChar

StartChar: seven
Encoding: 55 55 23
Width: 655
GlyphClass: 1
Flags: W
LayerCount: 2
Fore
SplineSet
55 764 m 2,0,-1
 54 861 l 1,1,-1
 326 861 l 2,2,3
 598 861 598 861 598 859 c 2,4,-1
 590 834 l 2,5,6
 582 810 582 810 565 758 c 128,-1,7
 548 706 548 706 534 662 c 0,8,9
 400 254 400 254 379 190 c 0,10,11
 370 161 370 161 370 158 c 0,12,13
 370 152 370 152 349 89 c 2,14,-1
 327 24 l 1,15,-1
 266 23 l 2,16,17
 204 23 204 23 204 24 c 0,18,19
 204 26 204 26 273 237 c 0,20,21
 294 298 294 298 294 303 c 0,22,23
 294 309 294 309 306.5 347 c 128,-1,24
 319 385 319 385 335 431.5 c 128,-1,25
 351 478 351 478 356 494 c 0,26,27
 357 498 357 498 367 530 c 0,28,29
 395 617 395 617 395 674 c 0,30,31
 395 734 395 734 362 760 c 0,32,33
 348 771 348 771 329 771 c 0,34,35
 300 771 300 771 262 745 c 0,36,37
 230 722 230 722 201 683 c 2,38,-1
 190 667 l 1,39,-1
 174 666 l 2,40,41
 150 664 150 664 108 664 c 0,42,43
 58 664 58 664 58 666 c 0,44,45
 57 667 57 667 55 764 c 2,0,-1
EndSplineSet
EndChar

StartChar: eight
Encoding: 56 56 24
Width: 655
GlyphClass: 1
Flags: W
LayerCount: 2
Fore
SplineSet
436 376 m 0,0,1
 386 426 386 426 326 426 c 0,2,3
 312 426 312 426 299 423 c 0,4,5
 239 414 239 414 199.5 368.5 c 128,-1,6
 160 323 160 323 160 262 c 0,7,8
 160 212 160 212 185.5 174 c 128,-1,9
 211 136 211 136 251 117 c 0,10,11
 287 100 287 100 322 100 c 0,12,13
 387 100 387 100 435.5 145.5 c 128,-1,14
 484 191 484 191 484 263 c 0,15,16
 484 328 484 328 436 376 c 0,0,1
320 777 m 0,17,18
 298 781 298 781 289 781 c 0,19,20
 237 781 237 781 198 746.5 c 128,-1,21
 159 712 159 712 152 661 c 0,22,23
 151 655 151 655 151 643 c 0,24,25
 151 605 151 605 171.5 571 c 128,-1,26
 192 537 192 537 226 521 c 0,27,28
 257 506 257 506 288 506 c 0,29,30
 318 506 318 506 350 521 c 0,31,32
 376 534 376 534 396 559.5 c 128,-1,33
 416 585 416 585 422 613 c 0,34,35
 425 628 425 628 425 642 c 0,36,37
 425 681 425 681 404.5 714.5 c 128,-1,38
 384 748 384 748 350 765 c 0,39,40
 326 776 326 776 320 777 c 0,17,18
195 859 m 2,41,42
 197 859 197 859 215.5 859.5 c 128,-1,43
 234 860 234 860 262.5 860 c 128,-1,44
 291 860 291 860 317 860 c 2,45,-1
 424 860 l 1,46,47
 464 819 464 819 546 737 c 1,48,-1
 546 598 l 1,49,-1
 509 561 l 2,50,51
 472 524 472 524 472 522 c 0,52,53
 472 521 472 521 494.5 489 c 128,-1,54
 517 457 517 457 545.5 417 c 128,-1,55
 574 377 574 377 589 358 c 2,56,-1
 601 343 l 1,57,-1
 601 156 l 1,58,-1
 562 118 l 2,59,60
 551 107 551 107 526 82.5 c 128,-1,61
 501 58 501 58 494 51 c 2,62,-1
 465 22 l 1,63,-1
 177 22 l 1,64,-1
 121 79 l 2,65,66
 58 142 58 142 52 149 c 1,67,-1
 52 246 l 2,68,69
 52 344 52 344 54 348 c 0,70,71
 58 355 58 355 99 395 c 0,72,73
 143 437 143 437 143 439 c 128,-1,74
 143 441 143 441 109 477 c 0,75,76
 77 511 77 511 63 527 c 2,77,-1
 52 540 l 1,78,-1
 52 631 l 2,79,80
 52 722 52 722 54 726 c 128,-1,81
 56 730 56 730 118 794 c 2,82,-1
 181 858 l 1,83,-1
 195 859 l 2,41,42
EndSplineSet
EndChar

StartChar: nine
Encoding: 57 57 25
Width: 631
GlyphClass: 1
Flags: W
LayerCount: 2
Fore
SplineSet
327 709 m 0,0,1
 311 713 311 713 292 713 c 0,2,3
 248 713 248 713 212.5 687.5 c 128,-1,4
 177 662 177 662 162 618 c 0,5,6
 156 600 156 600 156 576 c 0,7,8
 156 553 156 553 162 535 c 0,9,10
 188 456 188 456 269 442 c 0,11,12
 278 440 278 440 295 440 c 0,13,14
 350 440 350 440 390 480 c 0,15,16
 430 524 430 524 430 579 c 0,17,18
 430 595 430 595 426 610 c 0,19,20
 416 647 416 647 389 673.5 c 128,-1,21
 362 700 362 700 327 709 c 0,0,1
54 716 m 1,22,-1
 159 821 l 1,23,-1
 472 821 l 1,24,-1
 518 776 l 2,25,26
 565 729 565 729 578 718 c 1,27,-1
 579 513 l 1,28,-1
 579 309 l 1,29,-1
 255 -15 l 1,30,-1
 160 -15 l 2,31,32
 65 -15 65 -15 65 -12 c 0,33,34
 66 -9 66 -9 288 206 c 0,35,36
 419 334 419 334 419 335 c 0,37,38
 417 337 417 337 309 337 c 2,39,-1
 200 337 l 1,40,-1
 54 483 l 1,41,-1
 54 716 l 1,22,-1
EndSplineSet
EndChar

StartChar: colon
Encoding: 58 58 26
Width: 239
GlyphClass: 1
Flags: W
LayerCount: 2
Fore
SplineSet
96 592 m 0,0,1
 105 595 105 595 116 595 c 0,2,3
 159 595 159 595 178 557 c 0,4,5
 184 545 184 545 184 529 c 128,-1,6
 184 513 184 513 178 501 c 0,7,8
 159 463 159 463 118 463 c 0,9,10
 92 463 92 463 73 481 c 0,11,12
 52 502 52 502 52 528 c 0,13,14
 52 549 52 549 64.5 567 c 128,-1,15
 77 585 77 585 96 592 c 0,0,1
120 327 m 0,16,17
 148 327 148 327 166.5 308.5 c 128,-1,18
 185 290 185 290 185 263 c 0,19,20
 185 224 185 224 149 203 c 0,21,22
 142 198 142 198 120 198 c 128,-1,23
 98 198 98 198 91 203 c 0,24,25
 55 222 55 222 55 262 c 0,26,27
 55 304 55 304 92 322 c 0,28,29
 102 327 102 327 120 327 c 0,16,17
EndSplineSet
EndChar

StartChar: question
Encoding: 63 63 27
Width: 625
GlyphClass: 1
Flags: W
LayerCount: 2
Fore
SplineSet
54 683 m 1,0,-1
 186 815 l 1,1,-1
 321 815 l 1,2,-1
 456 814 l 1,3,4
 485 786 485 786 542 729 c 2,5,-1
 572 699 l 1,6,-1
 572 489 l 1,7,8
 541 458 541 458 478.5 396.5 c 128,-1,9
 416 335 416 335 385 304 c 1,10,-1
 385 164 l 1,11,-1
 317 164 l 1,12,-1
 249 165 l 1,13,-1
 249 277 l 2,14,15
 249 395 249 395 250 403 c 2,16,-1
 250 416 l 1,17,-1
 258 416 l 2,18,19
 280 416 280 416 316 434 c 0,20,21
 367 460 367 460 401 508 c 128,-1,22
 435 556 435 556 435 604 c 2,23,-1
 435 609 l 2,24,25
 433 665 433 665 384 681 c 0,26,27
 366 687 366 687 348 687 c 0,28,29
 320 687 320 687 282 669 c 0,30,31
 243 650 243 650 212.5 614.5 c 128,-1,32
 182 579 182 579 169 538 c 0,33,34
 164 522 164 522 164 498 c 2,35,-1
 164 474 l 1,36,-1
 123 472 l 2,37,38
 107 471 107 471 83 471 c 0,39,40
 54 471 54 471 54 474 c 2,41,-1
 54 683 l 1,0,-1
302 113 m 0,42,43
 310 116 310 116 321 116 c 0,44,45
 342 116 342 116 353 110 c 0,46,47
 372 100 372 100 384 79 c 0,48,49
 389 69 389 69 389 50 c 0,50,51
 389 23 389 23 369 5 c 128,-1,52
 349 -13 349 -13 325 -13 c 0,53,54
 300 -13 300 -13 282 3.5 c 128,-1,55
 264 20 264 20 260 46 c 0,56,57
 260 47 260 47 259.5 49.5 c 128,-1,58
 259 52 259 52 259 53 c 0,59,60
 259 72 259 72 271.5 89 c 128,-1,61
 284 106 284 106 302 113 c 0,42,43
EndSplineSet
EndChar

StartChar: A
Encoding: 65 65 28
Width: 648
GlyphClass: 1
Flags: W
LayerCount: 2
Fore
SplineSet
337 666 m 0,0,1
 331 672 331 672 323 672 c 0,2,3
 316 672 316 672 307 665 c 0,4,5
 281 641 281 641 281 567 c 2,6,-1
 281 555 l 2,7,8
 283 509 283 509 294 482.5 c 128,-1,9
 305 456 305 456 323 456 c 0,10,11
 343 456 343 456 353.5 490.5 c 128,-1,12
 364 525 364 525 364 567 c 0,13,14
 364 590 364 590 361 605 c 0,15,16
 352 653 352 653 337 666 c 0,0,1
253 812 m 2,17,-1
 258 828 l 1,18,-1
 386 828 l 1,19,20
 392 806 392 806 439 622 c 0,21,22
 444 602 444 602 457.5 547 c 128,-1,23
 471 492 471 492 491.5 410.5 c 128,-1,24
 512 329 512 329 527 268 c 0,25,26
 592 9 592 9 592 -4 c 0,27,28
 592 -5 592 -5 592 -6 c 2,29,-1
 591 -7 l 2,30,31
 588 -11 588 -11 581 -13 c 0,32,33
 576 -14 576 -14 520 -14 c 0,34,35
 413 -14 413 -14 407 -12 c 0,36,37
 403 -10 403 -10 403 165 c 2,38,-1
 403 340 l 1,39,-1
 362 341 l 2,40,41
 357 341 357 341 343 341.5 c 128,-1,42
 329 342 329 342 322 342 c 128,-1,43
 315 342 315 342 301 341.5 c 128,-1,44
 287 341 287 341 282 341 c 2,45,-1
 242 340 l 1,46,-1
 242 165 l 2,47,48
 242 -10 242 -10 237 -12 c 0,49,50
 234 -14 234 -14 146 -14 c 0,51,52
 58 -13 58 -13 55 -10 c 0,53,54
 54 -9 54 -9 54 -6 c 0,55,56
 54 3 54 3 104 208 c 0,57,58
 138 345 138 345 171.5 483.5 c 128,-1,59
 205 622 205 622 221 685 c 0,60,61
 227 711 227 711 235 741.5 c 128,-1,62
 243 772 243 772 247.5 790 c 128,-1,63
 252 808 252 808 253 812 c 2,17,-1
EndSplineSet
EndChar

StartChar: B
Encoding: 66 66 29
Width: 643
GlyphClass: 1
Flags: W
LayerCount: 2
Fore
SplineSet
438 300 m 0,0,1
 422 328 422 328 392.5 345 c 128,-1,2
 363 362 363 362 328 362 c 0,3,4
 297 362 297 362 269 348 c 2,5,-1
 253 340 l 1,6,-1
 253 125 l 1,7,-1
 262 119 l 2,8,9
 288 104 288 104 327 104 c 0,10,11
 355 104 355 104 369 109 c 0,12,13
 406 123 406 123 432 157 c 128,-1,14
 458 191 458 191 458 232 c 0,15,16
 458 267 458 267 438 300 c 0,0,1
367 716 m 0,17,18
 347 722 347 722 321 722 c 0,19,20
 309 722 309 722 304 721 c 0,21,22
 281 716 281 716 253 699 c 1,23,-1
 254 592 l 1,24,-1
 254 485 l 1,25,-1
 271 477 l 2,26,27
 300 462 300 462 328 462 c 0,28,29
 342 462 342 462 367 469 c 0,30,31
 407 482 407 482 432 516.5 c 128,-1,32
 457 551 457 551 457 593 c 2,33,-1
 457 600 l 2,34,35
 455 640 455 640 430 672 c 128,-1,36
 405 704 405 704 367 716 c 0,17,18
55 808 m 0,37,38
 55 818 55 818 83 818 c 2,39,-1
 96 818 l 2,40,41
 108 817 108 817 293 817 c 2,42,-1
 468 817 l 1,43,-1
 588 697 l 1,44,-1
 588 489 l 1,45,46
 564 468 564 468 518 424 c 1,47,48
 552 390 552 390 588 357 c 1,49,-1
 588 102 l 1,50,51
 548 63 548 63 470 -17 c 1,52,-1
 268 -17 l 2,53,54
 67 -17 67 -17 61 -15 c 128,-1,55
 55 -13 55 -13 55 -9 c 0,56,57
 55 -3 55 -3 105 56 c 2,58,-1
 155 116 l 1,59,-1
 154 399 l 1,60,-1
 152 683 l 1,61,-1
 104 744 l 2,62,63
 55 804 55 804 55 808 c 0,37,38
EndSplineSet
EndChar

StartChar: C
Encoding: 67 67 30
Width: 641
GlyphClass: 1
Flags: W
LayerCount: 2
Fore
SplineSet
76 682 m 0,0,1
 161 803 161 803 177 819 c 1,2,-1
 481 819 l 1,3,4
 551 745 551 745 586 707 c 1,5,-1
 586 473 l 1,6,-1
 518 474 l 1,7,-1
 449 474 l 1,8,9
 421 667 421 667 336 715 c 0,10,11
 323 722 323 722 300 722 c 128,-1,12
 277 722 277 722 264 715 c 0,13,14
 234 700 234 700 211 665 c 0,15,16
 181 622 181 622 164 549 c 128,-1,17
 147 476 147 476 147 396 c 128,-1,18
 147 316 147 316 165 247 c 0,19,20
 198 123 198 123 263 90 c 0,21,22
 280 81 280 81 300 81 c 0,23,24
 313 81 313 81 326 86 c 0,25,26
 396 113 396 113 433 245 c 0,27,28
 437 257 437 257 443 291.5 c 128,-1,29
 449 326 449 326 449 332 c 0,30,31
 449 334 449 334 518 334 c 2,32,-1
 586 334 l 1,33,-1
 586 101 l 1,34,35
 508 25 508 25 468 -12 c 1,36,-1
 171 -12 l 1,37,38
 162 -1 162 -1 113 69.5 c 128,-1,39
 64 140 64 140 58 153 c 2,40,-1
 53 162 l 1,41,-1
 53 398 l 2,42,43
 53 638 53 638 54 644 c 0,44,45
 55 652 55 652 76 682 c 0,0,1
EndSplineSet
EndChar

StartChar: D
Encoding: 68 68 31
Width: 646
GlyphClass: 1
Flags: W
LayerCount: 2
Fore
SplineSet
306 731 m 0,0,1
 288 736 288 736 267 736 c 0,2,3
 261 736 261 736 260 735 c 0,4,5
 258 733 258 733 258 405 c 2,6,-1
 258 77 l 1,7,-1
 272 77 l 2,8,9
 332 77 332 77 385.5 134 c 128,-1,10
 439 191 439 191 461 279 c 0,11,12
 476 336 476 336 476 418 c 0,13,14
 476 455 476 455 472 478 c 0,15,16
 454 598 454 598 392 672 c 0,17,18
 353 719 353 719 306 731 c 0,0,1
63 819 m 0,19,20
 69 821 69 821 269 821 c 2,21,-1
 470 821 l 1,22,-1
 526 767 l 2,23,24
 581 714 581 714 592 700 c 1,25,-1
 592 100 l 1,26,27
 532 43 532 43 475 -17 c 1,28,-1
 268 -17 l 2,29,30
 61 -17 61 -17 57 -13 c 0,31,32
 53 -10 53 -10 56 -6 c 0,33,34
 57 -4 57 -4 107 57 c 2,35,-1
 156 117 l 1,36,-1
 156 685 l 1,37,-1
 113 738 l 2,38,39
 57 807 57 807 57 814 c 0,40,41
 57 818 57 818 63 819 c 0,19,20
EndSplineSet
EndChar

StartChar: E
Encoding: 69 69 32
Width: 662
GlyphClass: 1
Flags: W
LayerCount: 2
Fore
SplineSet
57 809 m 128,-1,1
 58 813 58 813 334 813 c 2,2,-1
 609 813 l 1,3,-1
 608 738 l 1,4,-1
 608 664 l 1,5,6
 586 664 586 664 542.5 663 c 128,-1,7
 499 662 499 662 478 662 c 1,8,-1
 463 677 l 2,9,10
 427 715 427 715 375 715 c 0,11,12
 326 715 326 715 291 680 c 0,13,14
 255 644 255 644 255 594 c 0,15,16
 255 541 255 541 295 504 c 0,17,18
 330 472 330 472 376 472 c 0,19,20
 404 472 404 472 433 487 c 2,21,-1
 446 494 l 1,22,23
 479 448 479 448 510 396 c 1,24,-1
 486 362 l 2,25,26
 461 325 461 325 454 317 c 2,27,-1
 446 305 l 1,28,-1
 430 313 l 2,29,30
 400 327 400 327 373 327 c 0,31,32
 324 327 324 327 288 291 c 0,33,34
 253 256 253 256 253 204 c 0,35,36
 253 170 253 170 271 141 c 0,37,38
 289 114 289 114 313 100 c 0,39,40
 341 84 341 84 373 84 c 0,41,42
 438 84 438 84 473 136 c 2,43,-1
 479 144 l 1,44,-1
 609 144 l 1,45,-1
 608 67 l 2,46,47
 608 -10 608 -10 606 -12 c 128,-1,48
 604 -14 604 -14 237 -14 c 0,49,50
 58 -14 58 -14 56 -13 c 0,51,52
 54 -11 54 -11 54 -10 c 0,53,54
 54 -3 54 -3 102 66 c 0,55,56
 150 134 150 134 150 135 c 0,57,58
 150 138 150 138 158 148 c 2,59,-1
 167 159 l 1,60,-1
 167 640 l 1,61,-1
 133 691 l 2,62,0
 56 805 56 805 57 809 c 128,-1,1
EndSplineSet
EndChar

StartChar: F
Encoding: 70 70 33
Width: 687
GlyphClass: 1
Flags: W
LayerCount: 2
Fore
SplineSet
62 827 m 0,0,1
 64 830 64 830 347 830 c 2,2,-1
 631 829 l 1,3,-1
 631 754 l 1,4,-1
 632 678 l 1,5,6
 608 678 608 678 559.5 677 c 128,-1,7
 511 676 511 676 487 676 c 1,8,-1
 472 692 l 2,9,10
 436 730 436 730 385 730 c 0,11,12
 337 730 337 730 300 695 c 0,13,14
 262 658 262 658 262 606 c 0,15,16
 262 556 262 556 297 519 c 128,-1,17
 332 482 332 482 382 482 c 0,18,19
 410 482 410 482 437 495 c 0,20,21
 455 504 455 504 456 504 c 128,-1,22
 457 504 457 504 485.5 460.5 c 128,-1,23
 514 417 514 417 518 410 c 0,24,25
 519 409 519 409 519 407 c 0,26,27
 519 403 519 403 482 350 c 0,28,29
 458 315 458 315 455 315 c 0,30,31
 451 315 451 315 435 323 c 0,32,33
 410 335 410 335 381 335 c 0,34,35
 331 335 331 335 295 298 c 0,36,37
 258 261 258 261 258 202 c 2,38,-1
 258 188 l 1,39,-1
 260 163 l 1,40,-1
 273 145 l 2,41,42
 377 -1 377 -1 377 -3 c 0,43,44
 377 -6 377 -6 374 -9 c 0,45,46
 370 -13 370 -13 215 -13 c 0,47,48
 59 -13 59 -13 56 -9 c 0,49,50
 55 -8 55 -8 55 -5 c 0,51,52
 55 0 55 0 73 27 c 0,53,54
 123 97 123 97 130 107 c 0,55,56
 167 160 167 160 170 163 c 0,57,58
 172 165 172 165 172 409 c 2,59,-1
 172 653 l 1,60,-1
 117 735 l 2,61,62
 65 813 65 813 61 821 c 0,63,64
 60 823 60 823 62 827 c 0,0,1
EndSplineSet
EndChar

StartChar: G
Encoding: 71 71 34
Width: 655
GlyphClass: 1
Flags: W
LayerCount: 2
Fore
SplineSet
178 817 m 2,0,-1
 185 826 l 1,1,-1
 465 826 l 1,2,3
 469 820 469 820 528 767 c 128,-1,4
 587 714 587 714 596 708 c 0,5,6
 600 705 600 705 600 590 c 2,7,-1
 600 475 l 1,8,-1
 533 476 l 1,9,-1
 465 476 l 1,10,-1
 462 495 l 2,11,12
 453 559 453 559 425 618 c 0,13,14
 378 714 378 714 313 714 c 0,15,16
 304 714 304 714 299 713 c 0,17,18
 248 703 248 703 209.5 635.5 c 128,-1,19
 171 568 171 568 160 470 c 0,20,21
 156 426 156 426 156 403 c 0,22,23
 156 298 156 298 188.5 212 c 128,-1,24
 221 126 221 126 273 100 c 0,25,26
 287 93 287 93 310 93 c 0,27,28
 332 93 332 93 348 101 c 0,29,30
 379 117 379 117 405 156 c 0,31,32
 414 168 414 168 423.5 187 c 128,-1,33
 433 206 433 206 433 210 c 0,34,35
 433 211 433 211 368 282 c 0,36,37
 279 378 279 378 279 379 c 1,38,-1
 280 379 l 1,39,-1
 600 379 l 1,40,-1
 600 108 l 1,41,42
 579 88 579 88 539 48 c 128,-1,43
 499 8 499 8 478 -12 c 1,44,-1
 172 -12 l 1,45,-1
 161 2 l 2,46,47
 153 13 153 13 107 82 c 128,-1,48
 61 151 61 151 57 158 c 0,49,50
 54 164 54 164 54 403 c 2,51,-1
 54 643 l 1,52,-1
 61 654 l 2,53,54
 70 667 70 667 120.5 737.5 c 128,-1,55
 171 808 171 808 178 817 c 2,0,-1
EndSplineSet
EndChar

StartChar: H
Encoding: 72 72 35
Width: 655
GlyphClass: 1
Flags: W
LayerCount: 2
Fore
SplineSet
55 813 m 2,0,-1
 55 819 l 1,1,-1
 281 819 l 1,2,-1
 281 763 l 1,3,-1
 270 754 l 2,4,5
 256 742 256 742 251 736 c 2,6,-1
 243 727 l 1,7,-1
 243 629 l 1,8,-1
 242 532 l 1,9,-1
 249 519 l 2,10,11
 268 483 268 483 312 477 c 0,12,13
 317 476 317 476 327 476 c 0,14,15
 353 476 353 476 374.5 487.5 c 128,-1,16
 396 499 396 499 404 519 c 2,17,-1
 410 532 l 1,18,-1
 409 629 l 1,19,-1
 409 727 l 1,20,-1
 401 737 l 2,21,22
 385 753 385 753 382 755 c 2,23,-1
 371 763 l 1,24,-1
 371 819 l 1,25,-1
 485 819 l 2,26,27
 598 818 598 818 599 814 c 0,28,29
 599 809 599 809 556 766 c 2,30,-1
 512 722 l 1,31,-1
 512 82 l 1,32,-1
 556 39 l 2,33,34
 561 34 561 34 566 29 c 128,-1,35
 571 24 571 24 574 21 c 128,-1,36
 577 18 577 18 580.5 14.5 c 128,-1,37
 584 11 584 11 586 9 c 128,-1,38
 588 7 588 7 590 4.5 c 128,-1,39
 592 2 592 2 593 1 c 128,-1,40
 594 0 594 0 595.5 -2 c 128,-1,41
 597 -4 597 -4 597 -5 c 128,-1,42
 597 -6 597 -6 597.5 -7.5 c 128,-1,43
 598 -9 598 -9 598 -10 c 128,-1,44
 598 -11 598 -11 597.5 -13 c 128,-1,45
 597 -15 597 -15 597 -17 c 1,46,-1
 532 -16 l 2,47,48
 497 -15 497 -15 419 -15 c 2,49,-1
 371 -15 l 1,50,-1
 371 13 l 1,51,-1
 371 29 l 2,52,53
 371 40 371 40 376 45 c 0,54,55
 402 66 402 66 406 76 c 0,56,57
 410 84 410 84 410 179 c 2,58,-1
 410 274 l 1,59,-1
 404 285 l 2,60,61
 394 303 394 303 374 313 c 128,-1,62
 354 323 354 323 328 323 c 0,63,64
 288 323 288 323 264 302 c 0,65,66
 258 297 258 297 250 284 c 2,67,-1
 242 271 l 1,68,-1
 243 174 l 1,69,-1
 243 78 l 1,70,-1
 251 68 l 2,71,72
 254 65 254 65 270 51 c 2,73,-1
 281 42 l 1,74,-1
 281 -14 l 1,75,-1
 235 -15 l 2,76,77
 210 -16 210 -16 122 -16 c 2,78,-1
 56 -16 l 1,79,-1
 55 -9 l 2,80,81
 54 -4 54 -4 85 27 c 0,82,83
 93 35 93 35 98 40 c 2,84,-1
 141 83 l 1,85,-1
 141 721 l 1,86,-1
 98 764 l 2,87,88
 55 807 55 807 55 813 c 2,0,-1
EndSplineSet
EndChar

StartChar: I
Encoding: 73 73 36
Width: 667
GlyphClass: 1
Flags: W
LayerCount: 2
Fore
SplineSet
58 823 m 0,0,1
 66 825 66 825 428 825 c 0,2,3
 606 825 606 825 608 824 c 0,4,5
 613 822 613 822 613 817 c 0,6,7
 613 814 613 814 570.5 768.5 c 128,-1,8
 528 723 528 723 526 723 c 128,-1,9
 524 723 524 723 518 729 c 0,10,11
 503 744 503 744 478 744 c 0,12,13
 444 744 444 744 426 720 c 0,14,15
 414 703 414 703 411.5 683 c 128,-1,16
 409 663 409 663 408 565 c 0,17,18
 408 551 408 551 407.5 506.5 c 128,-1,19
 407 462 407 462 407 434 c 0,20,21
 407 408 407 408 407.5 356.5 c 128,-1,22
 408 305 408 305 408 284 c 2,23,-1
 410 121 l 1,24,-1
 417 107 l 2,25,26
 435 69 435 69 473 66 c 2,27,-1
 477 66 l 2,28,29
 503 66 503 66 516 81 c 0,30,31
 521 88 521 88 525 88 c 0,32,33
 527 88 527 88 562.5 51.5 c 128,-1,34
 598 15 598 15 608 3 c 0,35,36
 613 -4 613 -4 613 -6 c 0,37,38
 613 -13 613 -13 545 -13 c 2,39,-1
 478 -13 l 1,40,-1
 419 -13 l 2,41,42
 188 -13 188 -13 141 -12 c 2,43,-1
 55 -11 l 1,44,-1
 55 -6 l 2,45,46
 55 0 55 0 94 42 c 0,47,48
 135 85 135 85 137 86 c 0,49,50
 141 89 141 89 150 81 c 0,51,52
 168 66 168 66 188 66 c 0,53,54
 224 66 224 66 243 95 c 0,55,56
 252 108 252 108 254 127 c 0,57,58
 256 153 256 153 257 404 c 2,59,-1
 257 557 l 2,60,61
 257 683 257 683 254 695 c 0,62,63
 247 716 247 716 231 730 c 0,64,65
 212 746 212 746 189 746 c 128,-1,66
 166 746 166 746 150 731 c 0,67,68
 142 725 142 725 141 725 c 0,69,70
 136 725 136 725 89 775 c 0,71,72
 54 811 54 811 54 819 c 0,73,74
 54 822 54 822 58 823 c 0,0,1
EndSplineSet
EndChar

StartChar: J
Encoding: 74 74 37
Width: 654
GlyphClass: 1
Flags: W
LayerCount: 2
Fore
SplineSet
277 819 m 0,0,1
 277 821 277 821 486 821 c 0,2,3
 589 821 589 821 592 820 c 2,4,-1
 597 818 l 1,5,-1
 588 791 l 2,6,7
 578 763 578 763 568 738 c 2,8,-1
 558 713 l 1,9,-1
 558 117 l 1,10,-1
 494 55 l 2,11,12
 432 -5 432 -5 416 -19 c 1,13,-1
 305 -19 l 2,14,15
 195 -19 195 -19 185 -17 c 0,16,17
 175 -14 175 -14 143 19 c 2,18,-1
 109 53 l 1,19,-1
 109 233 l 1,20,-1
 87 268 l 2,21,22
 55 319 55 319 55 325 c 0,23,24
 55 327 55 327 106 327 c 0,25,26
 197 327 197 327 205 325 c 1,27,-1
 205 246 l 2,28,29
 205 167 205 167 211 150 c 0,30,31
 229 95 229 95 268 75 c 0,32,33
 281 69 281 69 299 69 c 128,-1,34
 317 69 317 69 334 77 c 0,35,36
 392 105 392 105 420 191 c 0,37,38
 427 212 427 212 429 221.5 c 128,-1,39
 431 231 431 231 432.5 258 c 128,-1,40
 434 285 434 285 434 340 c 0,41,42
 434 355 434 355 433.5 405.5 c 128,-1,43
 433 456 433 456 433 493 c 2,44,-1
 433 731 l 1,45,-1
 415 740 l 2,46,47
 412 741 412 741 378.5 759.5 c 128,-1,48
 345 778 345 778 328 787 c 0,49,50
 277 813 277 813 277 819 c 0,0,1
EndSplineSet
EndChar

StartChar: K
Encoding: 75 75 38
Width: 652
GlyphClass: 1
Flags: W
LayerCount: 2
Fore
SplineSet
57 822 m 0,0,1
 57 823 57 823 166 823 c 0,2,3
 388 823 388 823 390 821 c 0,4,5
 368 790 368 790 340 753 c 2,6,-1
 290 685 l 1,7,-1
 289 603 l 2,8,9
 289 519 289 519 290 517 c 256,10,11
 291 515 291 515 298 524 c 0,12,13
 300 527 300 527 433 707 c 2,14,-1
 517 820 l 1,15,-1
 556 822 l 2,16,17
 562 822 562 822 571 822.5 c 128,-1,18
 580 823 580 823 582 823 c 0,19,20
 595 823 595 823 597 821 c 128,-1,21
 599 819 599 819 599 773 c 2,22,-1
 599 720 l 1,23,-1
 597 620 l 1,24,25
 588 621 588 621 580 625 c 0,26,27
 557 635 557 635 533 635 c 0,28,29
 490 635 490 635 452 597 c 0,30,31
 381 526 381 526 381 404 c 2,32,-1
 381 390 l 2,33,34
 382 331 382 331 397 289 c 0,35,36
 416 230 416 230 453.5 196 c 128,-1,37
 491 162 491 162 533 162 c 0,38,39
 554 162 554 162 578 173 c 0,40,41
 592 180 592 180 597 180 c 1,42,-1
 598 168 l 2,43,44
 598 155 598 155 598.5 130.5 c 128,-1,45
 599 106 599 106 599 83 c 2,46,-1
 600 -14 l 1,47,48
 588 -18 588 -18 571 -18 c 0,49,50
 568 -18 568 -18 561 -17.5 c 128,-1,51
 554 -17 554 -17 550 -17 c 2,52,-1
 509 -16 l 1,53,-1
 459 52 l 2,54,55
 428 93 428 93 399.5 134 c 128,-1,56
 371 175 371 175 342 213 c 2,57,-1
 293 279 l 1,58,59
 291 239 291 239 291 190 c 2,60,-1
 291 101 l 1,61,-1
 323 58 l 2,62,63
 355 16 355 16 365.5 0.5 c 128,-1,64
 376 -15 376 -15 375 -16 c 0,65,66
 373 -18 373 -18 226 -18 c 0,67,68
 78 -18 78 -18 76 -16 c 128,-1,69
 74 -14 74 -14 129 59 c 2,70,-1
 160 101 l 1,71,-1
 160 392 l 1,72,-1
 159 683 l 1,73,-1
 107 752 l 2,74,75
 56 821 56 821 57 822 c 0,0,1
EndSplineSet
EndChar

StartChar: L
Encoding: 76 76 39
Width: 675
GlyphClass: 1
Flags: W
LayerCount: 2
Fore
SplineSet
234 817 m 0,0,1
 409 816 409 816 410 812 c 2,2,-1
 410 811 l 2,3,4
 410 808 410 808 358 750 c 0,5,6
 322 711 322 711 317 703 c 0,7,8
 312 688 312 688 311 684 c 0,9,10
 307 667 307 667 307 423 c 2,11,-1
 307 341 l 2,12,13
 307 203 307 203 309 179.5 c 128,-1,14
 311 156 311 156 322 139 c 0,15,16
 335 120 335 120 363 106.5 c 128,-1,17
 391 93 391 93 423 93 c 0,18,19
 439 93 439 93 447 95 c 0,20,21
 478 101 478 101 506 124 c 2,22,-1
 519 133 l 2,23,24
 520 133 520 133 568.5 59.5 c 128,-1,25
 617 -14 617 -14 619 -17 c 0,26,27
 619 -19 619 -19 339 -19 c 0,28,29
 57 -19 57 -19 55 -16 c 128,-1,30
 53 -13 53 -13 97 36 c 0,31,32
 140 83 140 83 149 101 c 2,33,-1
 157 117 l 1,34,-1
 157 389 l 2,35,36
 157 667 157 667 156 675 c 0,37,38
 153 693 153 693 143.5 707 c 128,-1,39
 134 721 134 721 98 761 c 0,40,41
 55 808 55 808 55 813 c 0,42,43
 55 817 55 817 234 817 c 0,0,1
EndSplineSet
EndChar

StartChar: M
Encoding: 77 77 40
Width: 670
GlyphClass: 1
Flags: W
LayerCount: 2
Fore
SplineSet
423 818 m 2,0,1
 423 819 423 819 517 819 c 2,2,-1
 550 819 l 2,3,4
 613 819 613 819 613 814 c 0,5,6
 613 812 613 812 608 805 c 0,7,8
 607 803 607 803 602.5 796.5 c 128,-1,9
 598 790 598 790 590 777.5 c 128,-1,10
 582 765 582 765 576 756 c 2,11,-1
 549 714 l 1,12,-1
 549 76 l 1,13,-1
 568 46 l 2,14,15
 606 -13 606 -13 606 -16 c 0,16,17
 606 -17 606 -17 601 -19 c 2,18,-1
 584 -19 l 1,19,-1
 491 -19 l 2,20,21
 386 -19 386 -19 386 -14 c 0,22,23
 386 -10 386 -10 390 -4 c 0,24,25
 401 12 401 12 418 40 c 2,26,-1
 442 78 l 1,27,-1
 442 278 l 1,28,-1
 441 477 l 1,29,-1
 438 470 l 2,30,31
 436 463 436 463 428 437.5 c 128,-1,32
 420 412 420 412 411 383 c 0,33,34
 391 317 391 317 378 284 c 0,35,36
 364 244 364 244 340 182 c 0,37,38
 336 173 336 173 335 173 c 128,-1,39
 334 173 334 173 330 181 c 128,-1,40
 326 189 326 189 322 198 c 2,41,-1
 318 206 l 2,42,43
 307 229 307 229 275.5 323.5 c 128,-1,44
 244 418 244 418 231 471 c 1,45,-1
 231 472 l 1,46,47
 227 472 227 472 227 276 c 2,48,-1
 227 74 l 1,49,-1
 254 32 l 2,50,51
 283 -14 283 -14 283 -16 c 0,52,53
 283 -19 283 -19 175 -19 c 0,54,55
 66 -19 66 -19 66 -16 c 0,56,57
 66 -14 66 -14 94 29 c 2,58,-1
 121 71 l 1,59,-1
 122 391 l 1,60,-1
 122 711 l 1,61,-1
 95 754 l 2,62,63
 72 790 72 790 62 804 c 0,64,65
 57 811 57 811 57 813 c 128,-1,66
 57 815 57 815 153 815 c 2,67,-1
 249 815 l 1,68,-1
 247 782 l 1,69,-1
 247 765 l 2,70,71
 247 625 247 625 303 564 c 0,72,73
 324 543 324 543 334 543 c 0,74,75
 339 543 339 543 345 546 c 0,76,77
 371 558 371 558 395 613 c 0,78,79
 421 672 421 672 422 767 c 0,80,81
 422 775 422 775 422 782.5 c 128,-1,82
 422 790 422 790 422 796 c 128,-1,83
 422 802 422 802 422.5 807 c 128,-1,84
 423 812 423 812 423 815 c 2,85,-1
 423 818 l 2,0,1
EndSplineSet
EndChar

StartChar: N
Encoding: 78 78 41
Width: 697
GlyphClass: 1
Flags: W
LayerCount: 2
Fore
SplineSet
57 819 m 0,0,1
 57 821 57 821 159 821 c 2,2,-1
 262 821 l 1,3,4
 265 814 265 814 265 805 c 0,5,6
 265 782 265 782 277 722 c 0,7,8
 300 611 300 611 345 512 c 128,-1,9
 390 413 390 413 430 385 c 0,10,11
 441 377 441 377 452 377 c 0,12,13
 460 377 460 377 463 381 c 0,14,15
 479 398 479 398 479 452 c 0,16,17
 479 519 479 519 455 614.5 c 128,-1,18
 431 710 431 710 392 793 c 2,19,-1
 379 821 l 1,20,-1
 505 821 l 2,21,22
 632 821 632 821 632 820 c 0,23,24
 618 799 618 799 601 774 c 2,25,-1
 571 728 l 1,26,-1
 571 71 l 1,27,-1
 606 30 l 2,28,29
 640 -11 640 -11 640 -14 c 0,30,31
 640 -16 640 -16 525 -16 c 2,32,-1
 409 -16 l 1,33,-1
 408 14 l 2,34,35
 407 94 407 94 381 198.5 c 128,-1,36
 355 303 355 303 318 378 c 0,37,38
 275 464 275 464 244 464 c 0,39,40
 220 464 220 464 212 405 c 0,41,42
 209 386 209 386 209 360 c 0,43,44
 209 267 209 267 237 157 c 0,45,46
 259 67 259 67 285 10 c 0,47,48
 296 -15 296 -15 295 -16 c 128,-1,49
 294 -17 294 -17 183 -17 c 0,50,51
 73 -17 73 -17 73 -14 c 0,52,53
 73 -13 73 -13 76.5 -7 c 128,-1,54
 80 -1 80 -1 88 10.5 c 128,-1,55
 96 22 96 22 101 30 c 2,56,-1
 127 69 l 1,57,-1
 127 734 l 1,58,-1
 100 766 l 1,59,-1
 65 808 l 2,60,61
 57 816 57 816 57 819 c 0,0,1
EndSplineSet
EndChar

StartChar: O
Encoding: 79 79 42
Width: 654
GlyphClass: 1
Flags: W
LayerCount: 2
Fore
SplineSet
382 679 m 0,0,1
 364 691 364 691 344 691 c 0,2,3
 307 691 307 691 269 653 c 0,4,5
 241 625 241 625 215.5 576 c 128,-1,6
 190 527 190 527 179 479 c 0,7,8
 162 409 162 409 162 346 c 0,9,10
 162 269 162 269 184 211 c 128,-1,11
 206 153 206 153 244 135 c 0,12,13
 259 128 259 128 275 128 c 0,14,15
 330 128 330 128 379.5 200 c 128,-1,16
 429 272 429 272 449 382 c 0,17,18
 454 411 454 411 454 471 c 0,19,20
 454 533 454 533 451 548 c 0,21,22
 441 594 441 594 428 624 c 0,23,24
 421 638 421 638 410 654 c 128,-1,25
 399 670 399 670 395 671 c 0,26,27
 391 673 391 673 382 679 c 0,0,1
599 242 m 2,28,29
 597 234 597 234 516 112.5 c 128,-1,30
 435 -9 435 -9 433 -15 c 1,31,-1
 169 -15 l 1,32,33
 93 61 93 61 56 99 c 1,34,-1
 55 129 l 2,35,36
 53 161 53 161 53 387 c 2,37,-1
 53 615 l 1,38,-1
 117 698 l 2,39,40
 133 718 133 718 197 799 c 2,41,-1
 212 817 l 1,42,-1
 483 817 l 1,43,-1
 600 703 l 1,44,-1
 599 472 l 1,45,-1
 599 242 l 2,28,29
EndSplineSet
EndChar

StartChar: P
Encoding: 80 80 43
Width: 654
GlyphClass: 1
Flags: W
LayerCount: 2
Fore
SplineSet
403 722 m 0,0,1
 391 725 391 725 371 725 c 128,-1,2
 351 725 351 725 339 722 c 0,3,4
 297 711 297 711 273 678 c 128,-1,5
 249 645 249 645 249 605 c 128,-1,6
 249 565 249 565 272 533 c 0,7,8
 286 512 286 512 313.5 497.5 c 128,-1,9
 341 483 341 483 371 483 c 0,10,11
 384 483 384 483 397 486 c 0,12,13
 427 494 427 494 451 514.5 c 128,-1,14
 475 535 475 535 485 562 c 0,15,16
 491 577 491 577 491 608 c 0,17,18
 491 619 491 619 489 633 c 0,19,20
 483 663 483 663 458.5 688.5 c 128,-1,21
 434 714 434 714 403 722 c 0,0,1
57 821 m 0,22,23
 57 824 57 824 267 824 c 2,24,-1
 479 824 l 1,25,26
 537 763 537 763 597 703 c 1,27,-1
 597 604 l 1,28,-1
 598 505 l 1,29,-1
 464 371 l 1,30,-1
 258 371 l 1,31,-1
 258 126 l 1,32,-1
 300 57 l 2,33,34
 310 41 310 41 321 23 c 128,-1,35
 332 5 332 5 338 -4 c 2,36,-1
 343 -13 l 2,37,38
 343 -16 343 -16 281 -16 c 0,39,40
 225 -16 225 -16 185 -15 c 2,41,-1
 64 -13 l 1,42,43
 78 10 78 10 106.5 55.5 c 128,-1,44
 135 101 135 101 149 124 c 1,45,-1
 149 643 l 1,46,-1
 104 731 l 2,47,48
 94 749 94 749 81.5 773.5 c 128,-1,49
 69 798 69 798 63 809 c 128,-1,50
 57 820 57 820 57 821 c 0,22,23
EndSplineSet
EndChar

StartChar: Q
Encoding: 81 81 44
Width: 647
GlyphClass: 1
Flags: W
LayerCount: 2
Fore
SplineSet
266 129 m 1,0,1
 190 210 190 210 190 212 c 0,2,3
 190 216 190 216 255 254 c 2,4,-1
 320 293 l 1,5,-1
 344 267 l 1,6,-1
 370 243 l 1,7,-1
 385 273 l 2,8,9
 419 343 419 343 435 438 c 0,10,11
 444 490 444 490 444 539 c 0,12,13
 444 607 444 607 426.5 656 c 128,-1,14
 409 705 409 705 379 720 c 0,15,16
 366 726 366 726 348 726 c 0,17,18
 339 726 339 726 335 725 c 0,19,20
 306 718 306 718 275 686 c 0,21,22
 218 629 218 629 180.5 526.5 c 128,-1,23
 143 424 143 424 143 308 c 0,24,25
 143 262 143 262 148 237 c 0,26,27
 166 151 166 151 208 128 c 0,28,29
 220 122 220 122 235 122 c 0,30,31
 266 122 266 122 266 129 c 1,0,1
74 583 m 2,32,33
 77 589 77 589 138 696 c 128,-1,34
 199 803 199 803 208 817 c 1,35,-1
 342 817 l 1,36,-1
 475 816 l 1,37,38
 551 740 551 740 590 702 c 1,39,-1
 590 580 l 2,40,41
 590 460 590 460 586 453 c 0,42,43
 581 445 581 445 511.5 307 c 128,-1,44
 442 169 442 169 443 168 c 0,45,46
 443 167 443 167 494 114 c 2,47,-1
 545 62 l 1,48,-1
 530 52 l 1,49,50
 428 -9 428 -9 422 -15 c 0,51,52
 420 -17 420 -17 416 -17 c 0,53,54
 411 -17 411 -17 384 10 c 2,55,-1
 358 38 l 1,56,-1
 182 38 l 1,57,-1
 55 165 l 1,58,-1
 55 357 l 1,59,-1
 54 548 l 1,60,-1
 74 583 l 2,32,33
EndSplineSet
EndChar

StartChar: R
Encoding: 82 82 45
Width: 668
GlyphClass: 1
Flags: W
LayerCount: 2
Fore
SplineSet
403 717 m 0,0,1
 390 721 390 721 372 721 c 0,2,3
 302 721 302 721 265 662 c 0,4,5
 245 632 245 632 245 593 c 128,-1,6
 245 554 245 554 265 524 c 0,7,8
 302 465 302 465 372 465 c 0,9,10
 390 465 390 465 403 469 c 0,11,12
 437 477 437 477 463 503 c 128,-1,13
 489 529 489 529 498 562 c 0,14,15
 501 572 501 572 501 587 c 0,16,17
 501 614 501 614 494 635 c 0,18,19
 484 665 484 665 459.5 687 c 128,-1,20
 435 709 435 709 403 717 c 0,0,1
65 807 m 2,21,-1
 56 817 l 1,22,-1
 530 817 l 1,23,-1
 612 735 l 1,24,-1
 612 500 l 1,25,-1
 548 435 l 2,26,27
 485 370 485 370 485 368 c 0,28,29
 485 367 485 367 516.5 275 c 128,-1,30
 548 183 548 183 579.5 88.5 c 128,-1,31
 611 -6 611 -6 611 -12 c 0,32,33
 611 -14 611 -14 548 -14 c 2,34,-1
 484 -13 l 1,35,36
 465 43 465 43 428.5 153 c 128,-1,37
 392 263 392 263 374 319 c 1,38,-1
 265 319 l 1,39,-1
 265 163 l 2,40,41
 265 -12 265 -12 263 -14 c 2,42,-1
 160 -14 l 1,43,-1
 58 -13 l 1,44,-1
 84 16 l 2,45,46
 101 35 101 35 132 69 c 2,47,-1
 154 93 l 1,48,-1
 154 698 l 1,49,-1
 127 731 l 2,50,51
 113 748 113 748 93.5 772 c 128,-1,52
 74 796 74 796 65 807 c 2,21,-1
EndSplineSet
EndChar

StartChar: S
Encoding: 83 83 46
Width: 663
GlyphClass: 1
Flags: W
LayerCount: 2
Fore
SplineSet
285 365 m 0,0,1
 232 365 232 365 186 342 c 1,2,-1
 154 373 l 2,3,4
 124 403 124 403 102 427 c 2,5,-1
 81 449 l 1,6,-1
 81 634 l 1,7,-1
 264 814 l 1,8,-1
 407 815 l 2,9,10
 473 816 473 816 545 816 c 0,11,12
 602 816 602 816 602 814 c 0,13,14
 602 811 602 811 547.5 745 c 128,-1,15
 493 679 493 679 489 678 c 0,16,17
 485 676 485 676 472 682 c 0,18,19
 430 697 430 697 383 697 c 0,20,21
 364 697 364 697 346 694 c 0,22,23
 259 678 259 678 233 622 c 0,24,25
 226 609 226 609 226 588 c 0,26,27
 226 561 226 561 244 537 c 0,28,29
 288 479 288 479 388 479 c 0,30,31
 416 479 416 479 443 485 c 2,32,-1
 458 489 l 1,33,-1
 494 453 l 2,34,35
 504 443 504 443 531 415.5 c 128,-1,36
 558 388 558 388 569 377 c 2,37,-1
 608 336 l 1,38,-1
 608 95 l 1,39,-1
 557 45 l 2,40,41
 506 -6 506 -6 495 -15 c 1,42,-1
 276 -14 l 2,43,44
 58 -14 58 -14 56 -12 c 1,45,-1
 68 0 l 2,46,47
 79 12 79 12 96.5 30 c 128,-1,48
 114 48 114 48 132.5 66.5 c 128,-1,49
 151 85 151 85 166.5 100 c 128,-1,50
 182 115 182 115 188 120 c 0,51,52
 198 129 198 129 207 129 c 0,53,54
 212 129 212 129 230 124 c 0,55,56
 245 120 245 120 285 120 c 0,57,58
 323 120 323 120 340 126 c 0,59,60
 431 156 431 156 442 227 c 0,61,62
 443 232 443 232 443 241 c 0,63,64
 443 273 443 273 423.5 301.5 c 128,-1,65
 404 330 404 330 370 346 c 0,66,67
 331 365 331 365 285 365 c 0,0,1
EndSplineSet
EndChar

StartChar: T
Encoding: 84 84 47
Width: 668
GlyphClass: 1
Flags: W
LayerCount: 2
Fore
SplineSet
149 698 m 1,0,1
 146 702 146 702 105.5 762 c 128,-1,2
 65 822 65 822 64 825 c 2,3,-1
 58 834 l 1,4,-1
 333 834 l 2,5,6
 609 834 609 834 610 832 c 0,7,8
 613 829 613 829 567 762 c 2,9,-1
 521 695 l 1,10,11
 501 716 501 716 475 720 c 0,12,13
 473 720 473 720 470 720.5 c 128,-1,14
 467 721 467 721 466 721 c 0,15,16
 422 721 422 721 398 685 c 2,17,-1
 391 676 l 1,18,-1
 391 99 l 1,19,-1
 438 48 l 2,20,21
 485 -3 485 -3 485 -7 c 0,22,23
 485 -13 485 -13 465.5 -14 c 128,-1,24
 446 -15 446 -15 334 -15 c 0,25,26
 190 -15 190 -15 187 -11 c 0,27,28
 185 -7 185 -7 188 -3 c 0,29,30
 193 2 193 2 227 41 c 128,-1,31
 261 80 261 80 272 94 c 2,32,-1
 278 101 l 1,33,-1
 278 683 l 1,34,-1
 270 693 l 2,35,36
 248 723 248 723 209 723 c 0,37,38
 180 723 180 723 159 705 c 2,39,-1
 149 698 l 1,0,1
EndSplineSet
EndChar

StartChar: U
Encoding: 85 85 48
Width: 667
GlyphClass: 1
Flags: W
LayerCount: 2
Fore
SplineSet
58 816 m 0,0,1
 58 819 58 819 172 819 c 0,2,3
 287 819 287 819 287 817 c 128,-1,4
 287 815 287 815 279 801 c 0,5,6
 252 752 252 752 234.5 659.5 c 128,-1,7
 217 567 217 567 217 474 c 0,8,9
 217 468 217 468 217.5 457.5 c 128,-1,10
 218 447 218 447 218 442 c 0,11,12
 222 324 222 324 246.5 235 c 128,-1,13
 271 146 271 146 309 109 c 0,14,15
 323 95 323 95 332 95 c 0,16,17
 334 95 334 95 340 97 c 0,18,19
 376 114 376 114 405 190.5 c 128,-1,20
 434 267 434 267 444 374 c 0,21,22
 446 392 446 392 446 455 c 0,23,24
 446 542 446 542 442 578 c 0,25,26
 428 709 428 709 403 762 c 0,27,28
 379 810 379 810 379 817 c 0,29,30
 379 819 379 819 493 819 c 0,31,32
 609 819 609 819 609 817 c 128,-1,33
 609 815 609 815 575 777 c 2,34,-1
 541 738 l 1,35,-1
 541 473 l 2,36,37
 541 408 541 408 540.5 340.5 c 128,-1,38
 540 273 540 273 540 232 c 2,39,-1
 540 190 l 2,40,41
 540 176 540 176 538.5 171 c 128,-1,42
 537 166 537 166 528 153 c 0,43,44
 425 1 425 1 416 -11 c 0,45,46
 413 -15 413 -15 337 -15 c 0,47,48
 263 -15 263 -15 257 -13 c 128,-1,49
 251 -11 251 -11 240 5 c 0,50,51
 230 20 230 20 183.5 88.5 c 128,-1,52
 137 157 137 157 134 162 c 2,53,-1
 125 173 l 1,54,-1
 125 737 l 1,55,-1
 110 754 l 2,56,57
 107 758 107 758 94.5 772 c 128,-1,58
 82 786 82 786 76 792 c 0,59,60
 58 812 58 812 58 816 c 0,0,1
EndSplineSet
EndChar

StartChar: V
Encoding: 86 86 49
Width: 680
GlyphClass: 1
Flags: W
LayerCount: 2
Fore
SplineSet
56 824 m 0,0,1
 56 828 56 828 164 828 c 128,-1,2
 272 828 272 828 274 827 c 0,3,4
 277 826 277 826 272 807 c 0,5,6
 251 727 251 727 248 603 c 2,7,-1
 248 562 l 2,8,9
 248 494 248 494 257 434 c 0,10,11
 268 360 268 360 289.5 311 c 128,-1,12
 311 262 311 262 335 255 c 0,13,14
 337 254 337 254 342 254 c 0,15,16
 384 254 384 254 413 358 c 0,17,18
 428 408 428 408 437 495 c 0,19,20
 440 522 440 522 440 587 c 0,21,22
 440 666 440 666 436 694 c 0,23,24
 428 760 428 760 418 799 c 0,25,26
 412 823 412 823 412 824 c 0,27,28
 412 827 412 827 516 828 c 0,29,30
 620 828 620 828 622 826 c 128,-1,31
 624 824 624 824 621 815 c 0,32,33
 619 810 619 810 525 435 c 128,-1,34
 431 60 431 60 424 26 c 0,35,36
 416 -7 416 -7 408 -10 c 0,37,38
 400 -12 400 -12 318 -12 c 0,39,40
 275 -12 275 -12 272 -11 c 0,41,42
 267 -11 267 -11 265 -4 c 0,43,44
 260 10 260 10 217 185 c 0,45,46
 196 268 196 268 113 594 c 0,47,48
 56 817 56 817 56 824 c 0,0,1
EndSplineSet
EndChar

StartChar: W
Encoding: 87 87 50
Width: 656
GlyphClass: 1
Flags: W
LayerCount: 2
Fore
SplineSet
129 373 m 0,0,1
 114 478 114 478 56 824 c 1,2,-1
 209 824 l 1,3,-1
 209 644 l 2,4,5
 209 478 209 478 211 478 c 2,6,-1
 212 478 l 1,7,8
 215 482 215 482 269.5 584 c 128,-1,9
 324 686 324 686 327 693 c 0,10,11
 328 694 328 694 329 696.5 c 128,-1,12
 330 699 330 699 331 700 c 2,13,-1
 332 702 l 1,14,-1
 453 468 l 2,15,16
 454 467 454 467 454 489.5 c 128,-1,17
 454 512 454 512 454.5 553.5 c 128,-1,18
 455 595 455 595 455 645 c 2,19,-1
 455 824 l 1,20,-1
 527 824 l 2,21,22
 599 824 599 824 599 821 c 0,23,24
 599 814 599 814 576 662 c 0,25,26
 549 480 549 480 524.5 307.5 c 128,-1,27
 500 135 500 135 493 90 c 2,28,-1
 478 -12 l 1,29,-1
 426 -12 l 2,30,31
 374 -12 374 -12 374 -11 c 2,32,-1
 375 -8 l 2,33,34
 376 -6 376 -6 377 -2.5 c 128,-1,35
 378 1 378 1 379 4 c 0,36,37
 383 17 383 17 388 40 c 0,38,39
 402 105 402 105 402 179 c 0,40,41
 402 303 402 303 369 374 c 0,42,43
 351 412 351 412 332 412 c 0,44,45
 308 412 308 412 288 360 c 128,-1,46
 268 308 268 308 263 255 c 0,47,48
 259 209 259 209 259 179 c 0,49,50
 259 58 259 58 283 0 c 0,51,52
 286 -10 286 -10 286 -11 c 0,53,54
 285 -12 285 -12 237 -12 c 2,55,-1
 189 -12 l 1,56,-1
 189 -7 l 2,57,58
 189 5 189 5 147 264 c 0,59,60
 145 274 145 274 138.5 314 c 128,-1,61
 132 354 132 354 129 373 c 0,0,1
EndSplineSet
EndChar

StartChar: X
Encoding: 88 88 51
Width: 645
GlyphClass: 1
Flags: W
LayerCount: 2
Fore
SplineSet
592 659 m 1,0,1
 394 417 394 417 394 413 c 0,2,3
 424 366 424 366 460 310 c 0,4,5
 547 175 547 175 552 167 c 0,6,7
 582 121 582 121 585 114 c 2,8,-1
 591 102 l 1,9,-1
 591 -13 l 1,10,11
 561 -14 561 -14 500 -14 c 128,-1,12
 439 -14 439 -14 409 -15 c 1,13,-1
 410 4 l 2,14,15
 413 40 413 40 414 51 c 0,16,17
 414 54 414 54 414.5 61.5 c 128,-1,18
 415 69 415 69 415 73 c 0,19,20
 415 120 415 120 408 162 c 0,21,22
 388 281 388 281 332 300 c 0,23,24
 323 303 323 303 317 303 c 128,-1,25
 311 303 311 303 299 297 c 0,26,27
 272 281 272 281 252 231.5 c 128,-1,28
 232 182 232 182 228 116 c 0,29,30
 227 104 227 104 227 84 c 0,31,32
 227 54 227 54 232 1 c 2,33,-1
 233 -12 l 1,34,-1
 142 -12 l 1,35,-1
 51 -11 l 1,36,-1
 51 104 l 1,37,-1
 57 116 l 1,38,39
 247 414 247 414 247 415 c 0,40,41
 247 418 247 418 176 505 c 0,42,43
 89 612 89 612 78 626 c 2,44,-1
 50 661 l 1,45,-1
 50 738 l 2,46,47
 50 816 50 816 52 818 c 0,48,49
 53 819 53 819 144 819 c 128,-1,50
 235 819 235 819 235 816 c 0,51,52
 235 815 235 815 231 789 c 0,53,54
 227 755 227 755 227 716 c 0,55,56
 227 676 227 676 231 644 c 0,57,58
 240 589 240 589 259 551.5 c 128,-1,59
 278 514 278 514 301 503 c 0,60,61
 309 499 309 499 321 499 c 0,62,63
 332 499 332 499 338 502 c 0,64,65
 370 517 370 517 390 569 c 0,66,67
 415 632 415 632 415 712 c 0,68,69
 415 745 415 745 410 788 c 0,70,71
 406 816 406 816 407 816 c 0,72,73
 409 818 409 818 498 818 c 0,74,75
 588 818 588 818 590 816 c 128,-1,76
 592 814 592 814 592 737 c 2,77,-1
 592 659 l 1,0,1
EndSplineSet
EndChar

StartChar: Y
Encoding: 89 89 52
Width: 677
GlyphClass: 1
Flags: W
LayerCount: 2
Fore
SplineSet
57 814 m 0,0,1
 57 817 57 817 180 817 c 2,2,-1
 304 817 l 1,3,-1
 296 805 l 2,4,5
 261 751 261 751 261 678 c 0,6,7
 261 592 261 592 307 543 c 0,8,9
 326 523 326 523 337 523 c 0,10,11
 346 523 346 523 354 530 c 0,12,13
 399 565 399 565 410 642 c 0,14,15
 413 660 413 660 413 679 c 0,16,17
 413 759 413 759 377 807 c 0,18,19
 371 815 371 815 371 816 c 128,-1,20
 371 817 371 817 495 817 c 2,21,-1
 620 817 l 1,22,-1
 602 784 l 2,23,24
 562 706 562 706 504.5 594 c 128,-1,25
 447 482 447 482 432 453 c 2,26,-1
 391 371 l 1,27,-1
 391 58 l 1,28,-1
 417 29 l 2,29,30
 453 -12 453 -12 453 -15 c 2,31,-1
 453 -16 l 2,32,33
 451 -18 451 -18 389 -18 c 0,34,35
 377 -18 377 -18 345.5 -17.5 c 128,-1,36
 314 -17 314 -17 296 -17 c 0,37,38
 221 -16 221 -16 221 -14 c 2,39,-1
 221 -13 l 2,40,41
 223 -8 223 -8 252 24 c 2,42,-1
 282 56 l 1,43,-1
 282 374 l 1,44,-1
 239 458 l 2,45,46
 230 476 230 476 101 726 c 0,47,48
 90 748 90 748 78 769 c 128,-1,49
 66 790 66 790 61.5 799 c 128,-1,50
 57 808 57 808 57 814 c 0,0,1
454 485 m 128,-1,52
 454 484 454 484 455 484 c 128,-1,53
 456 484 456 484 456 485 c 128,-1,54
 456 486 456 486 455 486 c 128,-1,51
 454 486 454 486 454 485 c 128,-1,52
EndSplineSet
EndChar

StartChar: Z
Encoding: 90 90 53
Width: 645
GlyphClass: 1
Flags: W
LayerCount: 2
Fore
SplineSet
53 816 m 0,0,1
 53 817 53 817 286 817 c 2,2,-1
 519 817 l 1,3,4
 554 780 554 780 591 745 c 1,5,-1
 591 664 l 1,6,-1
 581 657 l 2,7,8
 467 579 467 579 364 426 c 0,9,10
 341 392 341 392 314.5 346 c 128,-1,11
 288 300 288 300 288 295 c 0,12,13
 288 293 288 293 283 280 c 0,14,15
 263 243 263 243 251 193 c 0,16,17
 243 166 243 166 243 133 c 0,18,19
 243 122 243 122 245 114 c 0,20,21
 248 105 248 105 254 98 c 128,-1,22
 260 91 260 91 278 91 c 0,23,24
 293 91 293 91 317 102 c 0,25,26
 344 116 344 116 363 131 c 128,-1,27
 382 146 382 146 424 188 c 0,28,29
 490 254 490 254 561 359 c 2,30,-1
 590 400 l 1,31,-1
 590 -18 l 1,32,-1
 370 -19 l 1,33,-1
 149 -19 l 1,34,-1
 104 25 l 2,35,36
 97 32 97 32 90 39 c 128,-1,37
 83 46 83 46 77.5 51.5 c 128,-1,38
 72 57 72 57 67.5 61.5 c 128,-1,39
 63 66 63 66 60 69 c 2,40,-1
 57 72 l 2,41,42
 54 75 54 75 54 135 c 0,43,44
 54 194 54 194 57 197 c 0,45,46
 63 203 63 203 81 218 c 0,47,48
 128 259 128 259 187 337 c 0,49,50
 232 398 232 398 232 403 c 0,51,52
 232 405 232 405 245 425 c 0,53,54
 325 558 325 558 325 637 c 0,55,56
 325 657 325 657 317 668 c 0,57,58
 311 677 311 677 297 677 c 0,59,60
 284 677 284 677 256 664 c 0,61,62
 180 624 180 624 85 495 c 0,63,64
 79 488 79 488 72.5 479 c 128,-1,65
 66 470 66 470 62.5 464.5 c 128,-1,66
 59 459 59 459 55 455 c 1,67,-1
 54 634 l 2,68,69
 53 733 53 733 53 816 c 0,0,1
EndSplineSet
EndChar

StartChar: a
Encoding: 97 97 54
Width: 655
GlyphClass: 1
Flags: W
LayerCount: 2
Fore
SplineSet
362 360 m 0,0,1
 349 366 349 366 323 366 c 0,2,3
 303 366 303 366 294 362 c 0,4,5
 258 349 258 349 228 316.5 c 128,-1,6
 198 284 198 284 183 245 c 0,7,8
 169 209 169 209 169 175 c 0,9,10
 169 131 169 131 191 100.5 c 128,-1,11
 213 70 213 70 253 69 c 2,12,-1
 259 69 l 2,13,14
 308 69 308 69 348 110.5 c 128,-1,15
 388 152 388 152 405 204 c 0,16,17
 413 228 413 228 413 257 c 0,18,19
 413 333 413 333 362 360 c 0,0,1
181 434 m 0,20,21
 187 436 187 436 310 436 c 2,22,-1
 435 436 l 1,23,-1
 442 425 l 2,24,25
 447 418 447 418 492 343.5 c 128,-1,26
 537 269 537 269 540 264 c 2,27,-1
 549 250 l 1,28,-1
 548 178 l 2,29,30
 548 160 548 160 548 142 c 128,-1,31
 548 124 548 124 547.5 112.5 c 128,-1,32
 547 101 547 101 547 100 c 0,33,34
 547 93 547 93 573.5 43.5 c 128,-1,35
 600 -6 600 -6 600 -11 c 0,36,37
 599 -14 599 -14 595.5 -14.5 c 128,-1,38
 592 -15 592 -15 559 -16 c 0,39,40
 517 -16 517 -16 515 -14 c 0,41,42
 506 -5 506 -5 487 23 c 0,43,44
 460 61 460 61 453 61 c 2,45,-1
 451 61 l 2,46,47
 449 60 449 60 424 23 c 128,-1,48
 399 -14 399 -14 398 -14 c 0,49,50
 394 -17 394 -17 265 -17 c 2,51,-1
 134 -17 l 1,52,-1
 126 -8 l 2,53,54
 125 -6 125 -6 119.5 0 c 128,-1,55
 114 6 114 6 107 14.5 c 128,-1,56
 100 23 100 23 94 30 c 0,57,58
 68 64 68 64 62 70 c 2,59,-1
 54 79 l 1,60,-1
 54 306 l 1,61,-1
 71 324 l 2,62,63
 174 430 174 430 181 434 c 0,20,21
EndSplineSet
EndChar

StartChar: b
Encoding: 98 98 55
Width: 646
GlyphClass: 1
Flags: W
LayerCount: 2
Fore
SplineSet
442 281 m 0,0,1
 413 310 413 310 367 310 c 0,2,3
 339 310 339 310 314 297 c 0,4,5
 301 289 301 289 286.5 273 c 128,-1,6
 272 257 272 257 266 243 c 0,7,8
 258 224 258 224 258 201 c 0,9,10
 258 157 258 157 290 123 c 0,11,12
 323 90 323 90 368 90 c 128,-1,13
 413 90 413 90 446 123 c 0,14,15
 478 157 478 157 478 200 c 0,16,17
 478 248 478 248 442 281 c 0,0,1
214 789 m 0,18,19
 247 819 247 819 252 819 c 128,-1,20
 257 819 257 819 257 617 c 2,21,-1
 257 415 l 1,22,-1
 472 415 l 1,23,-1
 482 405 l 2,24,25
 487 400 487 400 541 350 c 2,26,-1
 590 305 l 1,27,-1
 591 180 l 2,28,29
 591 161 591 161 591.5 134 c 128,-1,30
 592 107 592 107 592 98 c 0,31,32
 592 54 592 54 590 52 c 0,33,34
 564 25 564 25 554 17 c 2,35,-1
 519 -15 l 1,36,-1
 230 -15 l 1,37,-1
 205 5 l 2,38,39
 147 49 147 49 144 54 c 0,40,41
 142 56 142 56 142 352 c 2,42,-1
 142 649 l 1,43,-1
 128 650 l 2,44,45
 112 652 112 652 85 652 c 128,-1,46
 58 652 58 652 58 655 c 128,-1,47
 58 658 58 658 67 665 c 0,48,49
 174 753 174 753 214 789 c 0,18,19
EndSplineSet
EndChar

StartChar: c
Encoding: 99 99 56
Width: 662
GlyphClass: 1
Flags: W
LayerCount: 2
Fore
SplineSet
173 428 m 2,0,-1
 181 438 l 1,1,-1
 485 438 l 1,2,-1
 498 425 l 2,3,4
 501 422 501 422 514.5 406.5 c 128,-1,5
 528 391 528 391 536 382 c 2,6,-1
 561 353 l 1,7,-1
 561 299 l 2,8,9
 560 244 560 244 556 241 c 128,-1,10
 552 238 552 238 499 238 c 0,11,12
 445 238 445 238 444 242 c 0,13,14
 443 244 443 244 435 262 c 0,15,16
 424 286 424 286 398.5 306 c 128,-1,17
 373 326 373 326 344 333 c 0,18,19
 324 338 324 338 306 338 c 0,20,21
 231 338 231 338 188 285 c 0,22,23
 160 251 160 251 160 209 c 0,24,25
 160 160 160 160 198 122 c 0,26,27
 240 80 240 80 303 80 c 2,28,-1
 314 80 l 2,29,30
 373 83 373 83 412 123 c 0,31,32
 429 140 429 140 438 160 c 2,33,-1
 446 179 l 1,34,-1
 522 179 l 1,35,-1
 569 179 l 2,36,37
 598 179 598 179 601 175 c 0,38,39
 605 171 605 171 606 115 c 2,40,-1
 607 60 l 1,41,42
 580 35 580 35 528 -17 c 1,43,-1
 134 -17 l 1,44,-1
 96 20 l 2,45,46
 88 28 88 28 77 38 c 128,-1,47
 66 48 66 48 60.5 53 c 128,-1,48
 55 58 55 58 55 59 c 0,49,50
 54 61 54 61 54 154 c 0,51,52
 55 247 55 247 60 253 c 0,53,54
 157 404 157 404 173 428 c 2,0,-1
EndSplineSet
EndChar

StartChar: d
Encoding: 100 100 57
Width: 646
GlyphClass: 1
Flags: W
LayerCount: 2
Fore
SplineSet
308 307 m 0,0,1
 298 310 298 310 279 310 c 0,2,3
 259 310 259 310 250 307 c 0,4,5
 223 300 223 300 202 279 c 128,-1,6
 181 258 181 258 173 231 c 0,7,8
 169 217 169 217 169 201 c 0,9,10
 169 155 169 155 202 122 c 0,11,12
 234 90 234 90 279 90 c 128,-1,13
 324 90 324 90 357 123 c 0,14,15
 389 155 389 155 389 200 c 0,16,17
 389 242 389 242 359 275 c 0,18,19
 336 300 336 300 308 307 c 0,0,1
391 818 m 0,20,21
 394 821 394 821 397 821 c 128,-1,22
 400 821 400 821 438 786 c 0,23,24
 450 776 450 776 467.5 760 c 128,-1,25
 485 744 485 744 488 742 c 0,26,27
 538 702 538 702 574 666 c 0,28,29
 578 662 578 662 578 660 c 0,30,31
 578 654 578 654 532 653 c 2,32,-1
 489 651 l 1,33,-1
 489 106 l 1,34,35
 533 60 533 60 590 7 c 1,36,-1
 589 -2 l 2,37,38
 589 -12 589 -12 583 -13 c 0,39,40
 580 -14 580 -14 352 -14 c 2,41,-1
 127 -14 l 1,42,43
 115 -2 115 -2 91.5 21 c 128,-1,44
 68 44 68 44 56 55 c 1,45,-1
 55 178 l 2,46,47
 55 208 55 208 54.5 241 c 128,-1,48
 54 274 54 274 54 279 c 0,49,50
 54 303 54 303 56 305 c 0,51,52
 64 316 64 316 160 401 c 2,53,-1
 177 416 l 1,54,55
 212 416 212 416 283 417 c 128,-1,56
 354 418 354 418 390 418 c 1,57,-1
 389 616 l 2,58,59
 389 816 389 816 391 818 c 0,20,21
EndSplineSet
EndChar

StartChar: e
Encoding: 101 101 58
Width: 660
GlyphClass: 1
Flags: W
LayerCount: 2
Fore
SplineSet
361 353 m 0,0,1
 346 359 346 359 300 359 c 0,2,3
 276 359 276 359 266 356 c 0,4,5
 199 338 199 338 193 288 c 1,6,-1
 253 288 l 2,7,8
 270 288 270 288 312 287.5 c 128,-1,9
 354 287 354 287 368 287 c 2,10,-1
 422 287 l 1,11,-1
 422 294 l 2,12,13
 422 311 422 311 406 326.5 c 128,-1,14
 390 342 390 342 361 353 c 0,0,1
54 312 m 1,15,16
 115 377 115 377 179 440 c 1,17,-1
 493 440 l 1,18,-1
 535 402 l 2,19,20
 588 354 588 354 591 351 c 2,21,-1
 605 337 l 1,22,-1
 605 203 l 1,23,-1
 376 203 l 1,24,-1
 147 202 l 1,25,-1
 230 141 l 2,26,27
 314 79 314 79 315 79 c 0,28,29
 317 79 317 79 369 115 c 2,30,-1
 421 151 l 1,31,-1
 602 151 l 1,32,33
 602 144 602 144 603 129 c 128,-1,34
 604 114 604 114 604 106 c 1,35,-1
 580 82 l 2,36,37
 559 61 559 61 517 23 c 2,38,-1
 479 -12 l 1,39,-1
 184 -12 l 1,40,41
 140 31 140 31 54 117 c 1,42,-1
 54 312 l 1,15,16
EndSplineSet
EndChar

StartChar: f
Encoding: 102 102 59
Width: 662
GlyphClass: 1
Flags: W
LayerCount: 2
Fore
SplineSet
462 467 m 1,0,1
 473 456 473 456 503.5 410.5 c 128,-1,2
 534 365 534 365 534 360 c 0,3,4
 534 358 534 358 503.5 315.5 c 128,-1,5
 473 273 473 273 467 266 c 0,6,7
 463 262 463 262 460 261 c 128,-1,8
 457 260 457 260 455.5 261 c 128,-1,9
 454 262 454 262 450 265.5 c 128,-1,10
 446 269 446 269 443 271 c 0,11,12
 417 293 417 293 376 294 c 2,13,-1
 367 294 l 2,14,15
 339 294 339 294 314 281 c 0,16,17
 301 274 301 274 285.5 260 c 128,-1,18
 270 246 270 246 264 234 c 2,19,-1
 257 221 l 1,20,-1
 257 133 l 1,21,-1
 310 63 l 2,22,23
 362 -6 362 -6 362 -10 c 0,24,25
 361 -14 361 -14 210 -15 c 2,26,-1
 134 -15 l 1,27,-1
 57 -15 l 2,28,29
 55 -15 55 -15 55 -12 c 0,30,31
 55 -5 55 -5 100 55 c 0,32,33
 144 113 144 113 144 115 c 2,34,-1
 145 117 l 2,35,36
 146 119 146 119 148.5 122 c 128,-1,37
 151 125 151 125 152 127 c 2,38,-1
 160 137 l 1,39,-1
 160 751 l 1,40,-1
 169 760 l 2,41,42
 175 766 175 766 211 796 c 2,43,-1
 243 823 l 1,44,-1
 387 824 l 1,45,-1
 531 824 l 1,46,-1
 550 804 l 2,47,48
 556 798 556 798 569.5 784 c 128,-1,49
 583 770 583 770 588 765 c 2,50,-1
 606 746 l 1,51,-1
 606 662 l 2,52,53
 606 577 606 577 604 577 c 0,54,55
 597 576 597 576 587 576 c 0,56,57
 583 576 583 576 570 576.5 c 128,-1,58
 557 577 557 577 549 577 c 2,59,-1
 495 579 l 1,60,-1
 490 593 l 2,61,62
 477 631 477 631 445.5 653.5 c 128,-1,63
 414 676 414 676 373 676 c 0,64,65
 321 676 321 676 286 640.5 c 128,-1,66
 251 605 251 605 251 555 c 0,67,68
 251 511 251 511 277 477 c 0,69,70
 313 430 313 430 373 430 c 0,71,72
 417 430 417 430 451 458 c 2,73,-1
 462 467 l 1,0,1
EndSplineSet
EndChar

StartChar: g
Encoding: 103 103 60
Width: 662
GlyphClass: 1
Flags: W
LayerCount: 2
Fore
SplineSet
393 333 m 0,0,1
 380 336 380 336 366 336 c 0,2,3
 333 336 333 336 293 317 c 0,4,5
 252 296 252 296 228.5 261 c 128,-1,6
 205 226 205 226 205 188 c 0,7,8
 205 146 205 146 234 117 c 0,9,10
 265 86 265 86 316 86 c 0,11,12
 354 86 354 86 394 106 c 0,13,14
 432 126 432 126 456 161 c 128,-1,15
 480 196 480 196 480 233 c 0,16,17
 480 242 480 242 479 246 c 0,18,19
 475 279 475 279 452 302 c 128,-1,20
 429 325 429 325 393 333 c 0,0,1
112 375 m 2,21,22
 173 435 173 435 182 441 c 1,23,-1
 534 441 l 1,24,-1
 609 363 l 1,25,-1
 609 67 l 2,26,27
 609 -234 609 -234 608 -241 c 2,28,-1
 606 -253 l 1,29,30
 550 -308 550 -308 440 -420 c 1,31,-1
 332 -420 l 2,32,33
 224 -420 224 -420 223 -417 c 0,34,35
 220 -414 220 -414 160 -292 c 0,36,37
 100 -172 100 -172 100 -166 c 0,38,39
 100 -163 100 -163 177 -163 c 2,40,-1
 253 -163 l 1,41,-1
 291 -239 l 2,42,43
 329 -315 329 -315 331 -317 c 0,44,45
 332 -318 332 -318 359.5 -289.5 c 128,-1,46
 387 -261 387 -261 414.5 -232 c 128,-1,47
 442 -203 442 -203 445 -199 c 2,48,-1
 457 -187 l 1,49,-1
 457 -12 l 1,50,-1
 118 -12 l 1,51,52
 96 9 96 9 54 53 c 1,53,-1
 54 318 l 1,54,-1
 112 375 l 2,21,22
EndSplineSet
EndChar

StartChar: h
Encoding: 104 104 61
Width: 670
GlyphClass: 1
Flags: W
LayerCount: 2
Fore
SplineSet
614 -7 m 0,0,1
 614 -14 614 -14 570 -14 c 0,2,3
 561 -14 561 -14 538.5 -13.5 c 128,-1,4
 516 -13 516 -13 503 -13 c 2,5,-1
 408 -12 l 1,6,-1
 408 298 l 1,7,-1
 398 307 l 2,8,9
 369 331 369 331 337 331 c 128,-1,10
 305 331 305 331 279 306 c 2,11,-1
 268 296 l 1,12,-1
 268 142 l 1,13,-1
 267 -11 l 1,14,-1
 184 -12 l 2,15,16
 168 -12 168 -12 145.5 -12.5 c 128,-1,17
 123 -13 123 -13 117 -13 c 0,18,19
 75 -13 75 -13 73 -8 c 0,20,21
 73 -3 73 -3 105 27 c 2,22,-1
 138 59 l 1,23,-1
 138 665 l 1,24,-1
 123 665 l 2,25,26
 110 665 110 665 82 667 c 0,27,28
 56 668 56 668 56 672 c 0,29,30
 56 678 56 678 196 804 c 0,31,32
 223 827 223 827 226 827 c 0,33,34
 229 826 229 826 229 629 c 2,35,-1
 229 431 l 1,36,-1
 340 432 l 2,37,38
 452 432 452 432 452 431 c 0,39,40
 474 410 474 410 499 384 c 2,41,-1
 545 337 l 1,42,-1
 545 62 l 1,43,-1
 580 30 l 2,44,45
 614 -1 614 -1 614 -7 c 0,0,1
EndSplineSet
EndChar

StartChar: i
Encoding: 105 105 62
Width: 661
GlyphClass: 1
Flags: W
LayerCount: 2
Fore
SplineSet
254 490 m 0,0,1
 262 493 262 493 274 493 c 0,2,3
 296 493 296 493 306 487 c 0,4,5
 342 469 342 469 342 427 c 0,6,7
 342 404 342 404 326 385 c 0,8,9
 307 363 307 363 282 362 c 2,10,-1
 276 362 l 2,11,12
 249 362 249 362 230 381.5 c 128,-1,13
 211 401 211 401 211 428 c 0,14,15
 211 473 211 473 254 490 c 0,0,1
189 261 m 2,16,-1
 230 284 l 1,17,-1
 355 284 l 1,18,-1
 355 88 l 1,19,-1
 470 88 l 1,20,-1
 532 120 l 2,21,22
 593 152 593 152 598 154 c 2,23,-1
 600 154 l 2,24,25
 605 154 605 154 606 140.5 c 128,-1,26
 607 127 607 127 607 68 c 2,27,-1
 607 -11 l 1,28,-1
 208 -11 l 1,29,-1
 207 63 l 2,30,31
 207 81 207 81 206.5 99.5 c 128,-1,32
 206 118 206 118 206 128 c 2,33,-1
 205 138 l 2,34,35
 205 140 205 140 131 140 c 2,36,-1
 56 139 l 1,37,-1
 55 161 l 2,38,39
 55 166 55 166 55.5 172 c 128,-1,40
 56 178 56 178 56 182 c 128,-1,41
 56 186 56 186 56 187 c 0,42,43
 57 191 57 191 103 215 c 0,44,45
 139 234 139 234 189 261 c 2,16,-1
EndSplineSet
EndChar

StartChar: j
Encoding: 106 106 63
Width: 651
GlyphClass: 1
Flags: W
LayerCount: 2
Fore
SplineSet
382 472 m 0,0,1
 392 477 392 477 408 477 c 0,2,3
 425 477 425 477 435 472 c 0,4,5
 468 456 468 456 468 417 c 0,6,7
 468 380 468 380 438 364 c 0,8,9
 428 358 428 358 409 358 c 0,10,11
 381 358 381 358 365 375 c 128,-1,12
 349 392 349 392 349 417 c 0,13,14
 349 428 349 428 352 438 c 0,15,16
 359 460 359 460 382 472 c 0,0,1
387 270 m 2,17,-1
 400 285 l 1,18,-1
 490 285 l 2,19,20
 595 285 595 285 595 281 c 0,21,22
 595 280 595 280 564.5 263 c 128,-1,23
 534 246 534 246 502 228 c 2,24,-1
 471 211 l 1,25,-1
 464 206 l 1,26,-1
 464 -252 l 1,27,-1
 421 -294 l 1,28,-1
 371 -344 l 2,29,30
 359 -356 359 -356 348 -358 c 128,-1,31
 337 -360 337 -360 273 -360 c 0,32,33
 196 -360 196 -360 182 -358 c 2,34,-1
 168 -357 l 1,35,-1
 129 -284 l 2,36,37
 118 -264 118 -264 97.5 -226.5 c 128,-1,38
 77 -189 77 -189 73 -181 c 0,39,40
 57 -151 57 -151 57 -140 c 2,41,-1
 57 -129 l 1,42,-1
 222 -129 l 1,43,-1
 222 -262 l 1,44,-1
 329 -262 l 1,45,-1
 329 208 l 1,46,-1
 352 232 l 2,47,48
 386 268 386 268 387 270 c 2,17,-1
EndSplineSet
EndChar

StartChar: k
Encoding: 107 107 64
Width: 651
GlyphClass: 1
Flags: W
LayerCount: 2
Fore
SplineSet
56 820 m 0,0,1
 56 821 56 821 177 821 c 2,2,-1
 298 821 l 1,3,-1
 298 575 l 2,4,5
 298 329 298 329 299 329 c 2,6,-1
 319 337 l 2,7,8
 320 338 320 338 363 354.5 c 128,-1,9
 406 371 406 371 452.5 389 c 128,-1,10
 499 407 499 407 540.5 423.5 c 128,-1,11
 582 440 582 440 585 442 c 0,12,13
 590 445 590 445 592 445 c 0,14,15
 598 445 598 445 598 364 c 0,16,17
 598 284 598 284 595 284 c 0,18,19
 569 284 569 284 542 296 c 128,-1,20
 515 308 515 308 497 308 c 0,21,22
 463 308 463 308 449 304 c 0,23,24
 385 288 385 288 361 242 c 0,25,26
 353 227 353 227 353 210 c 0,27,28
 353 192 353 192 360 177 c 0,29,30
 376 145 376 145 416 125 c 0,31,32
 451 108 451 108 501 108 c 0,33,34
 536 108 536 108 559 116 c 0,35,36
 584 125 584 125 589 128 c 2,37,-1
 598 134 l 1,38,-1
 598 56 l 2,39,40
 598 2 598 2 597 -9.5 c 128,-1,41
 596 -21 596 -21 592 -21 c 2,42,-1
 589 -21 l 2,43,44
 583 -21 583 -21 537 -3 c 0,45,46
 530 0 530 0 427 39 c 128,-1,47
 324 78 324 78 319 80 c 0,48,49
 315 81 315 81 310 83.5 c 128,-1,50
 305 86 305 86 302 87 c 2,51,-1
 299 88 l 2,52,53
 298 88 298 88 298 37 c 2,54,-1
 298 -15 l 1,55,-1
 179 -15 l 2,56,57
 60 -15 60 -15 60 -13 c 2,58,-1
 84 20 l 2,59,60
 108 54 108 54 108 55 c 0,61,62
 114 67 114 67 128 85 c 2,63,-1
 147 111 l 1,64,-1
 147 697 l 1,65,-1
 138 709 l 1,66,67
 56 810 56 810 56 820 c 0,0,1
EndSplineSet
EndChar

StartChar: l
Encoding: 108 108 65
Width: 650
GlyphClass: 1
Flags: W
LayerCount: 2
Fore
SplineSet
58 801 m 0,0,1
 58 812 58 812 60 814 c 0,2,3
 63 817 63 817 183 817 c 2,4,-1
 302 817 l 1,5,-1
 302 122 l 1,6,-1
 315 109 l 2,7,8
 336 86 336 86 363 77 c 0,9,10
 379 72 379 72 485 72 c 0,11,12
 594 72 594 72 594 71 c 128,-1,13
 594 70 594 70 553 29 c 2,14,-1
 512 -12 l 1,15,-1
 402 -12 l 2,16,17
 291 -12 291 -12 291 -11 c 128,-1,18
 291 -10 291 -10 266 13 c 0,19,20
 223 56 223 56 199 79 c 2,21,-1
 156 121 l 1,22,-1
 156 412 l 1,23,-1
 157 703 l 1,24,-1
 107 751 l 2,25,26
 58 798 58 798 58 801 c 0,0,1
EndSplineSet
EndChar

StartChar: m
Encoding: 109 109 66
Width: 651
GlyphClass: 1
Flags: W
LayerCount: 2
Fore
SplineSet
54 429 m 128,-1,1
 54 432 54 432 172 432 c 2,2,-1
 290 432 l 1,3,4
 318 404 318 404 345 374 c 1,5,6
 364 394 364 394 404 432 c 1,7,-1
 539 432 l 1,8,-1
 553 419 l 2,9,10
 557 415 557 415 567.5 405.5 c 128,-1,11
 578 396 578 396 582 392 c 2,12,-1
 598 377 l 1,13,-1
 598 -15 l 1,14,-1
 456 -15 l 1,15,16
 464 -7 464 -7 481 10.5 c 128,-1,17
 498 28 498 28 506 37 c 1,18,-1
 507 51 l 2,19,20
 509 67 509 67 509 99 c 0,21,22
 509 178 509 178 490.5 236.5 c 128,-1,23
 472 295 472 295 446 295 c 0,24,25
 438 295 438 295 428 286 c 0,26,27
 403 265 403 265 390 209 c 128,-1,28
 377 153 377 153 377 88 c 0,29,30
 377 65 377 65 381 25 c 0,31,32
 384 4 384 4 384 -7 c 2,33,-1
 384 -13 l 1,34,-1
 342 -14 l 2,35,36
 298 -14 298 -14 297 -13 c 0,37,38
 295 -11 295 -11 299 8 c 0,39,40
 304 35 304 35 304 92 c 0,41,42
 304 118 304 118 302 142 c 0,43,44
 295 209 295 209 277 252 c 128,-1,45
 259 295 259 295 237 295 c 0,46,47
 220 295 220 295 204.5 266.5 c 128,-1,48
 189 238 189 238 180 189 c 0,49,50
 174 159 174 159 174 85 c 0,51,52
 174 60 174 60 175 52 c 2,53,-1
 176 37 l 1,54,55
 210 3 210 3 227 -15 c 1,56,-1
 140 -15 l 2,57,58
 55 -15 55 -15 55 -12 c 0,59,60
 55 -7 55 -7 74 23 c 2,61,-1
 91 52 l 1,62,-1
 91 369 l 1,63,-1
 81 386 l 2,64,65
 75 397 75 397 62 415 c 0,66,0
 54 426 54 426 54 429 c 128,-1,1
EndSplineSet
EndChar

StartChar: n
Encoding: 110 110 67
Width: 724
GlyphClass: 1
Flags: W
LayerCount: 2
Fore
SplineSet
103 426 m 2,0,1
 103 427 103 427 179 427 c 2,2,-1
 255 427 l 1,3,-1
 261 414 l 2,4,5
 261 413 261 413 267 393.5 c 128,-1,6
 273 374 273 374 278.5 357 c 128,-1,7
 284 340 284 340 286 340 c 0,8,9
 287 340 287 340 295 365 c 2,10,-1
 303 389 l 1,11,12
 315 392 315 392 366 392 c 2,13,-1
 389 392 l 1,14,-1
 457 393 l 1,15,16
 501 348 501 348 589 260 c 1,17,-1
 588 199 l 2,18,19
 587 176 587 176 587 151 c 0,20,21
 587 135 587 135 589 133 c 0,22,23
 590 132 590 132 592 128 c 128,-1,24
 594 124 594 124 597.5 117 c 128,-1,25
 601 110 601 110 604 105 c 0,26,27
 659 -1 659 -1 665 -8 c 0,28,29
 670 -15 670 -15 668 -17 c 0,30,31
 667 -19 667 -19 556 -19 c 128,-1,32
 445 -19 445 -19 444 -17 c 0,33,34
 443 -16 443 -16 447 -8 c 0,35,36
 471 35 471 35 471 118 c 0,37,38
 471 148 471 148 467 168 c 0,39,40
 457 219 457 219 433 250 c 128,-1,41
 409 281 409 281 380 281 c 0,42,43
 341 281 341 281 310 225 c 0,44,45
 287 182 287 182 287 114 c 0,46,47
 287 88 287 88 292 58 c 0,48,49
 302 8 302 8 313 -8 c 0,50,51
 316 -11 316 -11 316 -14 c 0,52,53
 316 -19 316 -19 209 -19 c 0,54,55
 101 -19 101 -19 101 -17 c 0,56,57
 101 -16 101 -16 139 62 c 0,58,59
 171 128 171 128 176.5 145 c 128,-1,60
 182 162 182 162 182 204 c 2,61,-1
 182 221 l 2,62,63
 182 269 182 269 184 307 c 2,64,-1
 185 341 l 1,65,-1
 144 383 l 1,66,-1
 103 426 l 2,0,1
58 -16 m 0,67,68
 59 -16 59 -16 60 -15 c 1,69,70
 57 -15 57 -15 58 -16 c 0,67,68
EndSplineSet
EndChar

StartChar: o
Encoding: 111 111 68
Width: 660
GlyphClass: 1
Flags: W
LayerCount: 2
Fore
SplineSet
359 318 m 0,0,1
 328 325 328 325 307 325 c 0,2,3
 251 325 251 325 209.5 297.5 c 128,-1,4
 168 270 168 270 165 228 c 2,5,-1
 165 222 l 2,6,7
 165 156 165 156 248 117 c 0,8,9
 283 100 283 100 338 100 c 2,10,-1
 359 100 l 2,11,12
 378 100 378 100 396 106 c 0,13,14
 451 125 451 125 470 165 c 0,15,16
 477 178 477 178 477 200 c 128,-1,17
 477 222 477 222 472 232 c 0,18,19
 442 297 442 297 359 318 c 0,0,1
232 436 m 0,20,21
 234 438 234 438 327 438 c 2,22,-1
 422 438 l 1,23,-1
 444 426 l 2,24,25
 533 374 533 374 584 344 c 2,26,-1
 605 331 l 1,27,-1
 605 103 l 1,28,-1
 593 95 l 2,29,30
 591 93 591 93 580.5 86 c 128,-1,31
 570 79 570 79 553 67.5 c 128,-1,32
 536 56 536 56 523 46 c 0,33,34
 499 29 499 29 458 -2 c 0,35,36
 453 -7 453 -7 443 -13 c 2,37,-1
 434 -19 l 1,38,-1
 253 -19 l 1,39,-1
 161 37 l 2,40,41
 138 51 138 51 111.5 66.5 c 128,-1,42
 85 82 85 82 72.5 90 c 128,-1,43
 60 98 60 98 54 102 c 1,44,-1
 54 316 l 1,45,-1
 71 327 l 2,46,47
 86 339 86 339 143.5 378 c 128,-1,48
 201 417 201 417 215 425 c 0,49,50
 228 432 228 432 232 436 c 0,20,21
EndSplineSet
EndChar

StartChar: p
Encoding: 112 112 69
Width: 651
GlyphClass: 1
Flags: W
LayerCount: 2
Fore
SplineSet
486 265 m 0,0,1
 472 295 472 295 443.5 313 c 128,-1,2
 415 331 415 331 382 331 c 0,3,4
 344 331 344 331 314 307 c 0,5,6
 270 274 270 274 270 217 c 2,7,-1
 270 208 l 1,8,9
 274 163 274 163 307 133 c 128,-1,10
 340 103 340 103 383 103 c 0,11,12
 402 103 402 103 424 111 c 0,13,14
 457 124 457 124 477 153 c 128,-1,15
 497 182 497 182 497 217 c 0,16,17
 497 241 497 241 486 265 c 0,0,1
139 -394 m 1,18,19
 126 -375 126 -375 92 -316 c 128,-1,20
 58 -257 58 -257 58 -252 c 2,21,-1
 58 -246 l 1,22,-1
 152 -246 l 1,23,-1
 152 353 l 1,24,-1
 127 384 l 2,25,26
 88 434 88 434 88 436 c 128,-1,27
 88 438 88 438 277 438 c 2,28,-1
 466 438 l 1,29,-1
 596 308 l 1,30,-1
 596 119 l 1,31,32
 512 33 512 33 471 -11 c 1,33,-1
 361 -10 l 1,34,-1
 252 -10 l 1,35,-1
 252 -132 l 2,36,37
 252 -169 252 -169 251.5 -238.5 c 128,-1,38
 251 -308 251 -308 251 -323 c 2,39,-1
 251 -393 l 1,40,-1
 195 -394 l 1,41,-1
 139 -394 l 1,18,19
EndSplineSet
EndChar

StartChar: q
Encoding: 113 113 70
Width: 652
GlyphClass: 1
Flags: W
LayerCount: 2
Fore
SplineSet
287 330 m 0,0,1
 274 333 274 333 267 333 c 0,2,3
 227 331 227 331 198 308.5 c 128,-1,4
 169 286 169 286 158 249 c 0,5,6
 154 234 154 234 154 216 c 0,7,8
 154 168 154 168 188.5 136.5 c 128,-1,9
 223 105 223 105 267 105 c 0,10,11
 306 105 306 105 338.5 130.5 c 128,-1,12
 371 156 371 156 379 194 c 0,13,14
 381 210 381 210 381 217 c 0,15,16
 381 261 381 261 353 292.5 c 128,-1,17
 325 324 325 324 287 330 c 0,0,1
54 308 m 1,18,19
 75 330 75 330 118.5 374 c 128,-1,20
 162 418 162 418 184 440 c 1,21,-1
 371 440 l 2,22,23
 559 440 559 440 559 436 c 0,24,25
 559 430 559 430 522 383 c 2,26,-1
 498 352 l 1,27,-1
 499 341 l 2,28,29
 500 335 500 335 500 42 c 2,30,-1
 500 -246 l 1,31,-1
 547 -246 l 2,32,33
 594 -246 594 -246 594 -247 c 0,34,35
 594 -250 594 -250 523 -371 c 2,36,-1
 511 -391 l 1,37,-1
 479 -393 l 2,38,39
 476 -393 476 -393 468 -393.5 c 128,-1,40
 460 -394 460 -394 456 -394 c 0,41,42
 404 -394 404 -394 400 -390 c 0,43,44
 399 -389 399 -389 399 -199 c 2,45,-1
 399 -8 l 1,46,-1
 289 -9 l 1,47,-1
 179 -9 l 1,48,49
 95 77 95 77 54 121 c 1,50,-1
 54 308 l 1,18,19
EndSplineSet
EndChar

StartChar: r
Encoding: 114 114 71
Width: 730
GlyphClass: 1
Flags: W
LayerCount: 2
Fore
SplineSet
274 411 m 2,0,-1
 314 451 l 1,1,-1
 449 451 l 1,2,-1
 463 438 l 2,3,4
 558 348 558 348 590 316 c 2,5,-1
 601 306 l 1,6,-1
 601 228 l 2,7,8
 601 150 601 150 599 150 c 0,9,10
 596 150 596 150 527 223 c 0,11,12
 391 366 391 366 385 369 c 0,13,14
 382 371 382 371 370 359 c 2,15,-1
 358 347 l 1,16,-1
 358 56 l 1,17,-1
 392 20 l 1,18,-1
 427 -17 l 2,19,20
 427 -19 427 -19 278 -19 c 2,21,-1
 130 -19 l 1,22,-1
 137 -11 l 1,23,-1
 150 4 l 2,24,25
 164 18 164 18 174 28 c 2,26,-1
 204 58 l 1,27,-1
 204 201 l 1,28,-1
 135 301 l 2,29,30
 118 326 118 326 98.5 353 c 128,-1,31
 79 380 79 380 69 394 c 128,-1,32
 59 408 59 408 56 414 c 1,33,-1
 126 414 l 1,34,-1
 197 413 l 1,35,-1
 211 393 l 2,36,37
 227 371 227 371 230 371 c 0,38,39
 234 371 234 371 274 411 c 2,0,-1
673 229 m 2,40,-1
 674 234 l 1,41,-1
 674 224 l 1,42,43
 674 225 674 225 673 229 c 2,40,-1
EndSplineSet
EndChar

StartChar: s
Encoding: 115 115 72
Width: 650
GlyphClass: 1
Flags: W
LayerCount: 2
Fore
SplineSet
54 371 m 1,0,1
 94 411 94 411 114 432 c 1,2,-1
 541 432 l 1,3,-1
 564 418 l 2,4,5
 571 413 571 413 581 407 c 2,6,-1
 591 401 l 2,7,8
 595 399 595 399 595.5 391.5 c 128,-1,9
 596 384 596 384 596 341 c 0,10,11
 596 284 596 284 594 284 c 0,12,13
 556 284 556 284 450 319 c 128,-1,14
 344 354 344 354 296 354 c 0,15,16
 242 354 242 354 220 344 c 0,17,18
 203 336 203 336 203 326 c 0,19,20
 203 317 203 317 217 303 c 0,21,22
 276 249 276 249 421 217 c 0,23,24
 482 203 482 203 549 202 c 2,25,-1
 596 200 l 1,26,-1
 596 13 l 1,27,-1
 584 0 l 1,28,-1
 571 -12 l 1,29,-1
 57 -12 l 1,30,-1
 56 58 l 2,31,32
 54 132 54 132 53 136 c 0,33,34
 51 147 51 147 53 148.5 c 128,-1,35
 55 150 55 150 64 143 c 0,36,37
 83 129 83 129 127.5 110.5 c 128,-1,38
 172 92 172 92 218 80 c 0,39,40
 311 55 311 55 397 55 c 0,41,42
 465 55 465 55 483 72 c 0,43,44
 494 83 494 83 484 99 c 0,45,46
 473 117 473 117 421 143 c 0,47,48
 298 202 298 202 151 212 c 0,49,50
 143 213 143 213 125 213 c 0,51,52
 81 213 81 213 63 207 c 0,53,54
 59 206 59 206 55 206 c 1,55,-1
 55 210 l 2,56,57
 55 215 55 215 54.5 223 c 128,-1,58
 54 231 54 231 54 240.5 c 128,-1,59
 54 250 54 250 54 263 c 128,-1,60
 54 276 54 276 54 289 c 2,61,-1
 54 371 l 1,0,1
EndSplineSet
EndChar

StartChar: t
Encoding: 116 116 73
Width: 654
GlyphClass: 1
Flags: W
LayerCount: 2
Fore
SplineSet
237 436 m 0,0,1
 238 438 238 438 318 438 c 2,2,-1
 399 438 l 1,3,-1
 399 400 l 1,4,-1
 400 361 l 1,5,-1
 500 360 l 1,6,-1
 599 360 l 1,7,-1
 599 306 l 1,8,-1
 598 252 l 1,9,-1
 498 251 l 1,10,-1
 399 251 l 1,11,-1
 399 200 l 2,12,13
 400 152 400 152 405 137 c 0,14,15
 422 95 422 95 478 83 c 0,16,17
 484 81 484 81 540 81 c 0,18,19
 595 81 595 81 599 79 c 0,20,21
 601 78 601 78 601 33 c 2,22,-1
 600 -11 l 1,23,-1
 456 -12 l 1,24,-1
 311 -12 l 1,25,-1
 291 8 l 2,26,27
 274 23 274 23 253 47 c 2,28,-1
 236 66 l 1,29,-1
 236 251 l 1,30,-1
 155 251 l 2,31,32
 135 251 135 251 114 251.5 c 128,-1,33
 93 252 93 252 79.5 252 c 128,-1,34
 66 252 66 252 65 252 c 2,35,-1
 56 252 l 1,36,-1
 55 306 l 1,37,-1
 55 359 l 1,38,-1
 73 361 l 2,39,40
 83 362 83 362 163 362 c 2,41,-1
 235 361 l 1,42,-1
 235 397 l 2,43,44
 235 432 235 432 237 436 c 0,0,1
EndSplineSet
EndChar

StartChar: u
Encoding: 117 117 74
Width: 658
GlyphClass: 1
Flags: W
LayerCount: 2
Fore
SplineSet
56 435 m 0,0,1
 56 436 56 436 152 436 c 128,-1,2
 248 436 248 436 248 435 c 0,3,4
 250 433 250 433 244 417 c 0,5,6
 231 377 231 377 231 316 c 0,7,8
 231 272 231 272 235 252 c 0,9,10
 251 176 251 176 271 160 c 0,11,12
 284 150 284 150 300 150 c 0,13,14
 330 150 330 150 343 176 c 0,15,16
 372 237 372 237 372 320 c 0,17,18
 372 394 372 394 356 426 c 0,19,20
 355 428 355 428 354 430 c 128,-1,21
 353 432 353 432 352 434 c 2,22,-1
 352 435 l 2,23,24
 352 436 352 436 455 436 c 2,25,-1
 558 436 l 1,26,27
 545 423 545 423 518.5 397 c 128,-1,28
 492 371 492 371 478 358 c 1,29,-1
 478 113 l 1,30,-1
 540 51 l 2,31,32
 602 -11 602 -11 602 -13 c 128,-1,33
 602 -15 602 -15 531 -15 c 2,34,-1
 459 -15 l 1,35,-1
 451 -8 l 2,36,37
 434 6 434 6 408 29 c 2,38,-1
 377 57 l 1,39,-1
 363 44 l 2,40,41
 359 40 359 40 345 26.5 c 128,-1,42
 331 13 331 13 325 8 c 2,43,-1
 302 -15 l 1,44,-1
 218 -15 l 1,45,46
 180 20 180 20 139 55 c 1,47,48
 138 104 138 104 138 203 c 128,-1,49
 138 302 138 302 137 352 c 1,50,-1
 96 393 l 2,51,52
 56 433 56 433 56 435 c 0,0,1
EndSplineSet
EndChar

StartChar: v
Encoding: 118 118 75
Width: 656
GlyphClass: 1
Flags: W
LayerCount: 2
Fore
SplineSet
494 443 m 2,0,1
 600 443 600 443 600 442 c 0,2,3
 600 438 600 438 576 392 c 0,4,5
 560 360 560 360 516.5 275 c 128,-1,6
 473 190 473 190 439 124 c 2,7,-1
 374 -4 l 1,8,-1
 368 -13 l 1,9,-1
 330 -14 l 1,10,-1
 288 -14 l 2,11,12
 282 -11 282 -11 281 -8 c 0,13,14
 268 25 268 25 79 394 c 1,15,-1
 56 440 l 2,16,17
 56 443 56 443 164 443 c 128,-1,18
 272 443 272 443 272 442 c 0,19,20
 272 440 272 440 265 428 c 0,21,22
 244 388 244 388 244 337 c 0,23,24
 244 287 244 287 263.5 244 c 128,-1,25
 283 201 283 201 316 185 c 2,26,-1
 330 179 l 1,27,-1
 342 184 l 1,28,29
 393 210 393 210 411 285 c 0,30,31
 416 305 416 305 416 334 c 0,32,33
 416 388 416 388 395 430 c 2,34,-1
 389 443 l 1,35,-1
 494 443 l 2,0,1
EndSplineSet
EndChar

StartChar: w
Encoding: 119 119 76
Width: 645
GlyphClass: 1
Flags: W
LayerCount: 2
Fore
SplineSet
56 426 m 0,0,1
 55 428 55 428 59 428 c 0,2,3
 69 430 69 430 153 430 c 2,4,-1
 252 430 l 1,5,-1
 252 305 l 2,6,7
 252 184 252 184 254 184 c 0,8,9
 257 184 257 184 283.5 233 c 128,-1,10
 310 282 310 282 316 294 c 0,11,12
 320 301 320 301 321 301 c 0,13,14
 324 301 324 301 333 285 c 128,-1,15
 342 269 342 269 355.5 244 c 128,-1,16
 369 219 369 219 372 213 c 2,17,-1
 392 179 l 1,18,19
 392 221 392 221 393 304 c 128,-1,20
 394 387 394 387 394 428 c 1,21,-1
 492 429 l 2,22,23
 589 429 589 429 589 427 c 128,-1,24
 589 425 589 425 565 362 c 0,25,26
 562 354 562 354 523.5 254.5 c 128,-1,27
 485 155 485 155 455 77 c 0,28,29
 430 12 430 12 422 -4 c 2,30,-1
 417 -15 l 1,31,-1
 379 -15 l 2,32,33
 342 -15 342 -15 340 -13 c 0,34,35
 339 -12 339 -12 344 -7 c 0,36,37
 353 4 353 4 353 17 c 0,38,39
 353 31 353 31 344 41.5 c 128,-1,40
 335 52 335 52 323 52 c 0,41,42
 318 52 318 52 315 51 c 0,43,44
 296 45 296 45 292 27 c 0,45,46
 292 26 292 26 291.5 23.5 c 128,-1,47
 291 21 291 21 291 20 c 0,48,49
 291 4 291 4 299 -6 c 0,50,51
 304 -11 304 -11 304 -13 c 128,-1,52
 304 -15 304 -15 268 -15 c 0,53,54
 239 -15 239 -15 234 -13.5 c 128,-1,55
 229 -12 229 -12 227 -4 c 0,56,57
 58 421 58 421 56 426 c 0,0,1
EndSplineSet
EndChar

StartChar: x
Encoding: 120 120 77
Width: 649
GlyphClass: 1
Flags: W
LayerCount: 2
Fore
SplineSet
469 438 m 1,0,-1
 495 438 l 2,1,2
 591 438 591 438 594 437 c 0,3,4
 596 436 596 436 596 363 c 2,5,-1
 595 289 l 1,6,-1
 526 248 l 2,7,8
 460 208 460 208 460 204 c 2,9,-1
 528 159 l 1,10,-1
 594 116 l 1,11,-1
 594 -12 l 1,12,-1
 473 -12 l 1,13,-1
 472 15 l 2,14,15
 471 67 471 67 440.5 103 c 128,-1,16
 410 139 410 139 363 152 c 0,17,18
 350 156 350 156 328 156 c 0,19,20
 302 156 302 156 284 150 c 0,21,22
 234 134 234 134 207 94 c 0,23,24
 184 60 184 60 184 10 c 2,25,-1
 184 2 l 1,26,-1
 185 -12 l 1,27,-1
 54 -12 l 1,28,-1
 54 116 l 1,29,30
 60 119 60 119 125.5 162 c 128,-1,31
 191 205 191 205 195 209 c 1,32,33
 164 229 164 229 124 253 c 2,34,-1
 52 297 l 1,35,-1
 52 438 l 1,36,-1
 182 438 l 1,37,-1
 182 412 l 2,38,39
 182 316 182 316 263 276 c 0,40,41
 290 262 290 262 322 262 c 2,42,-1
 332 262 l 1,43,44
 414 266 414 266 452 338 c 0,45,46
 468 370 468 370 468 409 c 2,47,-1
 469 438 l 1,0,-1
EndSplineSet
EndChar

StartChar: y
Encoding: 121 121 78
Width: 667
GlyphClass: 1
Flags: W
LayerCount: 2
Fore
SplineSet
57 435 m 1,0,1
 78 438 78 438 229 438 c 0,2,3
 285 438 285 438 285 436 c 0,4,5
 285 433 285 433 278 417 c 0,6,7
 257 362 257 362 257 292 c 128,-1,8
 257 222 257 222 278 165.5 c 128,-1,9
 299 109 299 109 337 90 c 0,10,11
 349 84 349 84 366 84 c 0,12,13
 394 84 394 84 421 111 c 0,14,15
 479 169 479 169 479 298 c 0,16,17
 479 354 479 354 461 410 c 0,18,19
 452 435 452 435 452 437 c 0,20,21
 452 438 452 438 533 438 c 2,22,-1
 614 437 l 1,23,-1
 614 90 l 1,24,-1
 613 -242 l 1,25,26
 505 -350 505 -350 451 -405 c 1,27,-1
 242 -405 l 1,28,-1
 182 -286 l 2,29,30
 124 -168 124 -168 124 -162 c 0,31,32
 125 -158 125 -158 134 -157.5 c 128,-1,33
 143 -157 143 -157 197 -157 c 2,34,-1
 270 -157 l 1,35,-1
 307 -231 l 2,36,37
 343 -303 343 -303 346 -306 c 1,38,-1
 369 -282 l 2,39,40
 392 -258 392 -258 417 -231.5 c 128,-1,41
 442 -205 442 -205 444 -203 c 2,42,-1
 467 -179 l 1,43,-1
 467 -89 l 1,44,-1
 466 1 l 1,45,-1
 347 3 l 1,46,-1
 228 4 l 1,47,48
 201 30 201 30 149 82 c 1,49,-1
 149 215 l 1,50,-1
 150 347 l 1,51,-1
 111 385 l 2,52,53
 71 425 71 425 57 435 c 1,0,1
EndSplineSet
EndChar

StartChar: z
Encoding: 122 122 79
Width: 651
GlyphClass: 1
Flags: W
LayerCount: 2
Fore
SplineSet
53 432 m 0,0,1
 53 433 53 433 120 433 c 2,2,-1
 326 433 l 1,3,-1
 597 433 l 1,4,-1
 598 393 l 1,5,-1
 598 354 l 1,6,-1
 583 345 l 2,7,8
 511 305 511 305 446 240 c 0,9,10
 362 154 362 154 362 100 c 0,11,12
 362 86 362 86 368 77 c 0,13,14
 379 57 379 57 414 57 c 0,15,16
 448 57 448 57 485 72 c 0,17,18
 531 88 531 88 579 120 c 0,19,20
 596 131 596 131 597 128 c 2,21,-1
 597 124 l 2,22,23
 597 120 597 120 597.5 113 c 128,-1,24
 598 106 598 106 598 98 c 128,-1,25
 598 90 598 90 598 79 c 128,-1,26
 598 68 598 68 598 57 c 2,27,-1
 597 -11 l 1,28,-1
 55 -11 l 1,29,-1
 54 24 l 1,30,-1
 54 60 l 1,31,-1
 65 65 l 2,32,33
 124 92 124 92 189 148 c 0,34,35
 244 195 244 195 276 242.5 c 128,-1,36
 308 290 308 290 308 323 c 0,37,38
 308 349 308 349 285 360 c 0,39,40
 276 364 276 364 257 364 c 0,41,42
 218 364 218 364 179 348 c 0,43,44
 151 337 151 337 114.5 315.5 c 128,-1,45
 78 294 78 294 64 281 c 0,46,47
 59 276 59 276 57 275 c 128,-1,48
 55 274 55 274 54 275 c 0,49,50
 52 279 52 279 52 381 c 0,51,52
 52 431 52 431 53 432 c 0,0,1
EndSplineSet
EndChar

StartChar: nbsp
Encoding: 160 160 80
Width: 350
GlyphClass: 1
Flags: W
LayerCount: 2
EndChar
EndChars
EndSplineFont
