[09] [09] [09] [09] [09] [09] [09] [09] [09] [09] [07] [07] [03] [03] [03] [03]
[09] [09] [09] [09] [09] [09] [07] [17] [07] [07] [18] [06] [03] [03] [03] [03]
[09] [09] [09] [09] [07] [07] [07] [07] [07] [06] [15] [18] [02] [03] [03] [03]
[09] [09] [09] [09] [07] [06] [06] [06] [02] [02] [01] [02] [18] [02] [03] [03]
[09] [09] [07] [07] [06] [06] [02] [02] [02] [02] [01] [06] [06] [18] [03] [03]
[09] [09] [07] [06] [16] [02] [02] [02] [02] [02] [01] [06] [06] [06] [18] [03]
[09] [09] [06] [02] [01] [02] [14] [02] [02] [02] [01] [02] [06] [06] [18] [03]
[09] [09] [06] [02] [01] [01] [01] [01] [01] [01] [01] [02] [02] [06] [18] [03]
[09] [09] [06] [02] [02] [11] [02] [01] [02] [02] [01] [01] [12] [06] [18] [03]
[09] [09] [06] [06] [02] [02] [02] [01] [02] [02] [10] [02] [02] [06] [18] [03]
[09] [09] [06] [06] [02] [02] [02] [01] [02] [02] [02] [02] [06] [18] [02] [03]
[09] [09] [09] [06] [02] [02] [02] [01] [01] [01] [02] [02] [18] [06] [03] [03]
[09] [09] [09] [07] [06] [02] [02] [02] [02] [01] [02] [18] [06] [03] [03] [03]
[09] [09] [07] [18] [18] [18] [18] [18] [02] [01] [02] [02] [06] [03] [03] [03]
[03] [09] [06] [06] [06] [03] [03] [03] [02] [04] [02] [03] [03] [03] [03] [03]
[03] [03] [03] [03] [03] [03] [03] [03] [02] [02] [02] [03] [03] [03] [03] [03]
